Depth	Density	sigma_D	sigma_o18	sigma_o17
0.00	350.000	0.000000	0.000000	0.000000
0.50	354.038	0.012345	0.013770	0.013949
1.00	358.092	0.017305	0.019302	0.019553
1.50	362.164	0.021009	0.023433	0.023737
2.00	366.251	0.024047	0.026821	0.027169
2.50	370.354	0.026650	0.029725	0.030111
3.00	374.471	0.028940	0.032279	0.032698
3.50	378.602	0.030988	0.034563	0.035012
4.00	382.747	0.032841	0.036629	0.037105
4.50	386.905	0.034532	0.038516	0.039016
5.00	391.074	0.036087	0.040250	0.040773
5.50	395.256	0.037523	0.041852	0.042396
6.00	399.447	0.038856	0.043339	0.043902
6.50	403.649	0.040097	0.044723	0.045304
7.00	407.861	0.041256	0.046015	0.046613
7.50	412.081	0.042341	0.047226	0.047839
8.00	416.309	0.043358	0.048361	0.048989
8.50	420.544	0.044315	0.049427	0.050069
9.00	424.785	0.045214	0.050430	0.051086
9.50	429.033	0.046062	0.051376	0.052043
10.00	433.286	0.046861	0.052267	0.052946
10.50	437.543	0.047615	0.053109	0.053799
11.00	441.803	0.048328	0.053903	0.054604
11.50	446.067	0.049001	0.054654	0.055365
12.00	450.332	0.049638	0.055364	0.056084
12.50	454.599	0.050240	0.056036	0.056764
13.00	458.867	0.050809	0.056671	0.057407
13.50	463.135	0.051348	0.057272	0.058016
14.00	467.402	0.051858	0.057841	0.058592
14.50	471.667	0.052340	0.058378	0.059137
15.00	475.930	0.052796	0.058887	0.059652
15.50	480.190	0.053227	0.059368	0.060140
16.00	484.446	0.053635	0.059823	0.060600
16.50	488.698	0.054020	0.060253	0.061035
17.00	492.945	0.054384	0.060658	0.061446
17.50	497.185	0.054728	0.061041	0.061834
18.00	501.419	0.055051	0.061403	0.062200
18.50	505.646	0.055357	0.061743	0.062545
19.00	509.864	0.055644	0.062064	0.062870
19.50	514.074	0.055914	0.062365	0.063175
20.00	518.274	0.056168	0.062648	0.063462
20.50	522.464	0.056406	0.062914	0.063731
21.00	526.644	0.056630	0.063163	0.063983
21.50	530.811	0.056838	0.063396	0.064219
22.00	534.967	0.057033	0.063613	0.064439
22.50	539.109	0.057214	0.063815	0.064644
23.00	543.238	0.057383	0.064003	0.064835
23.50	547.353	0.057539	0.064178	0.065011
24.00	550.903	0.057733	0.064394	0.065230
24.50	553.442	0.058029	0.064724	0.065565
25.00	555.976	0.058314	0.065042	0.065887
25.50	558.503	0.058589	0.065348	0.066198
26.00	561.024	0.058854	0.065644	0.066497
26.50	563.538	0.059109	0.065928	0.066785
27.00	566.046	0.059355	0.066202	0.067062
27.50	568.547	0.059591	0.066466	0.067329
28.00	571.041	0.059818	0.066719	0.067586
28.50	573.528	0.060037	0.066963	0.067833
29.00	576.008	0.060247	0.067198	0.068071
29.50	578.480	0.060449	0.067423	0.068299
30.00	580.945	0.060644	0.067640	0.068519
30.50	583.402	0.060830	0.067848	0.068729
31.00	585.852	0.061009	0.068047	0.068931
31.50	588.294	0.061180	0.068239	0.069125
32.00	590.728	0.061345	0.068422	0.069311
32.50	593.153	0.061502	0.068598	0.069489
33.00	595.571	0.061653	0.068766	0.069659
33.50	597.980	0.061797	0.068927	0.069822
34.00	600.381	0.061935	0.069081	0.069978
34.50	602.773	0.062067	0.069227	0.070127
35.00	605.156	0.062193	0.069368	0.070269
35.50	607.531	0.062312	0.069501	0.070404
36.00	609.897	0.062426	0.069628	0.070533
36.50	612.253	0.062534	0.069749	0.070655
37.00	614.601	0.062637	0.069863	0.070771
37.50	616.939	0.062735	0.069972	0.070881
38.00	619.268	0.062827	0.070075	0.070986
38.50	621.588	0.062914	0.070173	0.071084
39.00	623.898	0.062997	0.070264	0.071177
39.50	626.199	0.063074	0.070351	0.071265
40.00	628.489	0.063147	0.070432	0.071347
40.50	630.770	0.063215	0.070508	0.071424
41.00	633.041	0.063279	0.070579	0.071496
41.50	635.303	0.063338	0.070646	0.071563
42.00	637.554	0.063394	0.070707	0.071626
42.50	639.795	0.063445	0.070764	0.071683
43.00	642.025	0.063492	0.070817	0.071737
43.50	644.246	0.063535	0.070865	0.071785
44.00	646.456	0.063574	0.070908	0.071830
44.50	648.655	0.063609	0.070948	0.071870
45.00	650.844	0.063641	0.070983	0.071906
45.50	653.023	0.063670	0.071015	0.071938
46.00	655.191	0.063694	0.071043	0.071966
46.50	657.348	0.063716	0.071067	0.071990
47.00	659.494	0.063734	0.071087	0.072010
47.50	661.630	0.063749	0.071103	0.072027
48.00	663.754	0.063761	0.071116	0.072040
48.50	665.868	0.063769	0.071126	0.072050
49.00	667.970	0.063775	0.071133	0.072057
49.50	670.062	0.063778	0.071136	0.072060
50.00	672.142	0.063778	0.071136	0.072060
50.50	674.211	0.063775	0.071132	0.072057
51.00	676.269	0.063769	0.071126	0.072050
51.50	678.316	0.063761	0.071117	0.072041
52.00	680.351	0.063750	0.071105	0.072029
52.50	682.375	0.063737	0.071090	0.072014
53.00	684.388	0.063721	0.071073	0.071996
53.50	686.389	0.063703	0.071053	0.071976
54.00	688.379	0.063683	0.071030	0.071953
54.50	690.357	0.063660	0.071005	0.071927
55.00	692.324	0.063636	0.070977	0.071899
55.50	694.279	0.063609	0.070947	0.071869
56.00	696.223	0.063580	0.070915	0.071836
56.50	698.155	0.063549	0.070880	0.071801
57.00	700.075	0.063516	0.070843	0.071764
57.50	701.984	0.063481	0.070804	0.071724
58.00	703.881	0.063444	0.070763	0.071683
58.50	705.766	0.063405	0.070720	0.071639
59.00	707.639	0.063365	0.070675	0.071593
59.50	709.501	0.063323	0.070628	0.071546
60.00	711.351	0.063279	0.070579	0.071496
60.50	713.190	0.063233	0.070529	0.071445
61.00	715.016	0.063187	0.070476	0.071392
61.50	716.831	0.063138	0.070422	0.071337
62.00	718.634	0.063088	0.070366	0.071281
62.50	720.425	0.063037	0.070309	0.071222
63.00	722.205	0.062984	0.070250	0.071163
63.50	723.972	0.062929	0.070189	0.071101
64.00	725.728	0.062874	0.070128	0.071039
64.50	727.472	0.062817	0.070064	0.070974
65.00	729.204	0.062759	0.069999	0.070909
65.50	730.925	0.062700	0.069933	0.070842
66.00	732.634	0.062639	0.069866	0.070774
66.50	734.330	0.062578	0.069797	0.070704
67.00	736.016	0.062515	0.069727	0.070633
67.50	737.689	0.062451	0.069656	0.070561
68.00	739.351	0.062387	0.069584	0.070488
68.50	741.001	0.062321	0.069511	0.070414
69.00	742.639	0.062254	0.069437	0.070339
69.50	744.266	0.062187	0.069361	0.070262
70.00	745.880	0.062118	0.069285	0.070185
70.50	747.484	0.062049	0.069207	0.070107
71.00	749.075	0.061979	0.069129	0.070027
71.50	750.655	0.061908	0.069050	0.069947
72.00	752.223	0.061836	0.068970	0.069866
72.50	753.780	0.061764	0.068889	0.069784
73.00	755.326	0.061691	0.068808	0.069702
73.50	756.859	0.061617	0.068725	0.069618
74.00	758.381	0.061542	0.068642	0.069534
74.50	759.892	0.061467	0.068559	0.069449
75.00	761.392	0.061392	0.068474	0.069364
75.50	762.879	0.061315	0.068389	0.069278
76.00	764.356	0.061239	0.068303	0.069191
76.50	765.821	0.061161	0.068217	0.069104
77.00	767.275	0.061083	0.068130	0.069016
77.50	768.718	0.061005	0.068043	0.068927
78.00	770.149	0.060926	0.067955	0.068838
78.50	771.569	0.060847	0.067867	0.068749
79.00	772.978	0.060768	0.067778	0.068659
79.50	774.376	0.060688	0.067689	0.068569
80.00	775.763	0.060607	0.067600	0.068478
80.50	777.139	0.060527	0.067510	0.068387
81.00	778.503	0.060446	0.067419	0.068295
81.50	779.857	0.060365	0.067329	0.068203
82.00	781.200	0.060283	0.067238	0.068111
82.50	782.532	0.060201	0.067147	0.068019
83.00	783.853	0.060119	0.067055	0.067926
83.50	785.163	0.060037	0.066963	0.067833
84.00	786.463	0.059955	0.066871	0.067740
84.50	787.752	0.059872	0.066779	0.067647
85.00	789.030	0.059789	0.066687	0.067553
85.50	790.298	0.059706	0.066595	0.067460
86.00	791.555	0.059623	0.066502	0.067366
86.50	792.801	0.059540	0.066409	0.067272
87.00	794.037	0.059457	0.066316	0.067178
87.50	795.263	0.059374	0.066223	0.067084
88.00	796.478	0.059290	0.066130	0.066990
88.50	797.683	0.059207	0.066037	0.066895
89.00	798.878	0.059123	0.065944	0.066801
89.50	800.063	0.059040	0.065851	0.066707
90.00	801.237	0.058956	0.065758	0.066612
90.50	802.401	0.058873	0.065665	0.066518
91.00	803.556	0.058790	0.065572	0.066424
91.50	804.700	0.058706	0.065479	0.066330
92.00	805.834	0.058624	0.065387	0.066236
92.50	806.958	0.058542	0.065296	0.066144
93.00	808.073	0.058461	0.065206	0.066053
93.50	809.178	0.058381	0.065117	0.065963
94.00	810.273	0.058302	0.065029	0.065873
94.50	811.358	0.058224	0.064942	0.065785
95.00	812.434	0.058147	0.064856	0.065698
95.50	813.500	0.058071	0.064771	0.065612
96.00	814.557	0.057996	0.064687	0.065527
96.50	815.604	0.057921	0.064604	0.065443
97.00	816.642	0.057848	0.064521	0.065360
97.50	817.670	0.057775	0.064440	0.065277
98.00	818.690	0.057703	0.064360	0.065196
98.50	819.700	0.057632	0.064281	0.065116
99.00	820.701	0.057562	0.064202	0.065036
99.50	821.692	0.057492	0.064125	0.064958
100.00	822.675	0.057423	0.064048	0.064880
100.50	823.649	0.057356	0.063973	0.064804
101.00	824.614	0.057288	0.063898	0.064728
101.50	825.570	0.057222	0.063824	0.064653
102.00	826.517	0.057157	0.063751	0.064579
102.50	827.455	0.057092	0.063678	0.064506
103.00	828.385	0.057028	0.063607	0.064433
103.50	829.306	0.056964	0.063536	0.064362
104.00	830.219	0.056902	0.063466	0.064291
104.50	831.123	0.056840	0.063397	0.064221
105.00	832.018	0.056779	0.063329	0.064152
105.50	832.906	0.056718	0.063262	0.064083
106.00	833.784	0.056658	0.063195	0.064016
106.50	834.655	0.056599	0.063129	0.063949
107.00	835.517	0.056541	0.063064	0.063883
107.50	836.372	0.056483	0.062999	0.063818
108.00	837.218	0.056426	0.062936	0.063753
108.50	838.056	0.056370	0.062873	0.063690
109.00	838.886	0.056314	0.062811	0.063627
109.50	839.708	0.056259	0.062749	0.063564
110.00	840.522	0.056204	0.062688	0.063503
110.50	841.329	0.056150	0.062628	0.063442
111.00	842.127	0.056097	0.062569	0.063382
111.50	842.918	0.056044	0.062510	0.063322
112.00	843.702	0.055992	0.062452	0.063263
112.50	844.478	0.055941	0.062395	0.063205
113.00	845.246	0.055890	0.062338	0.063148
113.50	846.007	0.055840	0.062282	0.063091
114.00	846.760	0.055790	0.062226	0.063035
114.50	847.507	0.055741	0.062172	0.062979
115.00	848.245	0.055692	0.062118	0.062925
115.50	848.977	0.055644	0.062064	0.062870
116.00	849.701	0.055597	0.062011	0.062817
116.50	850.419	0.055550	0.061959	0.062764
117.00	851.129	0.055504	0.061907	0.062711
117.50	851.832	0.055458	0.061856	0.062660
118.00	852.529	0.055413	0.061805	0.062608
118.50	853.218	0.055368	0.061755	0.062558
119.00	853.901	0.055324	0.061706	0.062508
119.50	854.577	0.055280	0.061657	0.062458
120.00	855.246	0.055237	0.061609	0.062410
120.50	855.908	0.055194	0.061561	0.062361
121.00	856.564	0.055152	0.061514	0.062313
121.50	857.214	0.055110	0.061468	0.062266
122.00	857.856	0.055068	0.061422	0.062220
122.50	858.493	0.055028	0.061376	0.062173
123.00	859.123	0.054987	0.061331	0.062128
123.50	859.747	0.054947	0.061287	0.062083
124.00	860.364	0.054908	0.061243	0.062038
124.50	860.975	0.054869	0.061199	0.061994
125.00	861.580	0.054830	0.061156	0.061951
125.50	862.179	0.054792	0.061114	0.061908
126.00	862.772	0.054755	0.061072	0.061865
126.50	863.359	0.054718	0.061030	0.061823
127.00	863.940	0.054681	0.060989	0.061781
127.50	864.515	0.054644	0.060949	0.061740
128.00	865.084	0.054608	0.060908	0.061700
128.50	865.647	0.054573	0.060869	0.061660
129.00	866.204	0.054538	0.060830	0.061620
129.50	866.756	0.054503	0.060791	0.061581
130.00	867.303	0.054469	0.060753	0.061542
130.50	867.843	0.054435	0.060715	0.061504
131.00	868.378	0.054401	0.060677	0.061466
131.50	868.908	0.054368	0.060640	0.061428
132.00	869.432	0.054335	0.060604	0.061391
132.50	869.950	0.054303	0.060568	0.061355
133.00	870.464	0.054271	0.060532	0.061318
133.50	870.972	0.054239	0.060497	0.061283
134.00	871.475	0.054208	0.060462	0.061247
134.50	871.972	0.054177	0.060427	0.061212
135.00	872.465	0.054146	0.060393	0.061178
135.50	872.952	0.054116	0.060359	0.061144
136.00	873.434	0.054086	0.060326	0.061110
136.50	873.911	0.054057	0.060293	0.061077
137.00	874.383	0.054028	0.060261	0.061044
137.50	874.851	0.053999	0.060228	0.061011
138.00	875.313	0.053970	0.060197	0.060979
138.50	875.771	0.053942	0.060165	0.060947
139.00	876.224	0.053914	0.060134	0.060915
139.50	876.672	0.053887	0.060103	0.060884
140.00	877.115	0.053859	0.060073	0.060853
140.50	877.554	0.053832	0.060043	0.060823
141.00	877.988	0.053806	0.060013	0.060793
141.50	878.417	0.053779	0.059984	0.060763
142.00	878.842	0.053753	0.059955	0.060734
142.50	879.263	0.053728	0.059926	0.060705
143.00	879.679	0.053702	0.059898	0.060676
143.50	880.091	0.053677	0.059870	0.060648
144.00	880.498	0.053652	0.059842	0.060620
144.50	880.901	0.053628	0.059815	0.060592
145.00	881.300	0.053604	0.059788	0.060565
145.50	881.694	0.053580	0.059761	0.060537
146.00	882.085	0.053556	0.059735	0.060511
146.50	882.471	0.053532	0.059708	0.060484
147.00	882.853	0.053509	0.059683	0.060458
147.50	883.231	0.053486	0.059657	0.060432
148.00	883.605	0.053464	0.059632	0.060407
148.50	883.975	0.053441	0.059607	0.060381
149.00	884.341	0.053419	0.059582	0.060356
149.50	884.703	0.053397	0.059558	0.060332
150.00	885.061	0.053376	0.059534	0.060307
150.50	885.416	0.053354	0.059510	0.060283
151.00	885.767	0.053333	0.059486	0.060259
151.50	886.113	0.053312	0.059463	0.060235
152.00	886.457	0.053292	0.059440	0.060212
152.50	886.796	0.053271	0.059417	0.060189
153.00	887.132	0.053251	0.059395	0.060166
153.50	887.464	0.053231	0.059372	0.060144
154.00	887.793	0.053212	0.059350	0.060122
154.50	888.118	0.053192	0.059329	0.060100
155.00	888.440	0.053173	0.059307	0.060078
155.50	888.758	0.053154	0.059286	0.060056
156.00	889.073	0.053135	0.059265	0.060035
156.50	889.384	0.053116	0.059244	0.060014
157.00	889.692	0.053098	0.059224	0.059993
157.50	889.996	0.053080	0.059204	0.059973
158.00	890.298	0.053062	0.059183	0.059952
158.50	890.596	0.053044	0.059164	0.059932
159.00	890.891	0.053027	0.059144	0.059912
159.50	891.182	0.053009	0.059125	0.059893
160.00	891.471	0.052992	0.059106	0.059874
160.50	891.756	0.052975	0.059087	0.059854
161.00	892.038	0.052958	0.059068	0.059835
161.50	892.318	0.052942	0.059049	0.059817
162.00	892.594	0.052925	0.059031	0.059798
162.50	892.867	0.052909	0.059013	0.059780
163.00	893.137	0.052893	0.058995	0.059762
163.50	893.404	0.052877	0.058978	0.059744
164.00	893.669	0.052862	0.058960	0.059726
164.50	893.930	0.052846	0.058943	0.059709
165.00	894.188	0.052831	0.058926	0.059692
165.50	894.444	0.052816	0.058909	0.059674
166.00	894.697	0.052801	0.058892	0.059658
166.50	894.947	0.052786	0.058876	0.059641
167.00	895.195	0.052772	0.058860	0.059624
167.50	895.440	0.052757	0.058844	0.059608
168.00	895.682	0.052743	0.058828	0.059592
168.50	895.921	0.052729	0.058812	0.059576
169.00	896.158	0.052715	0.058796	0.059560
169.50	896.392	0.052701	0.058781	0.059545
170.00	896.624	0.052687	0.058766	0.059529
170.50	896.853	0.052674	0.058751	0.059514
171.00	897.079	0.052661	0.058736	0.059499
171.50	897.303	0.052648	0.058721	0.059484
172.00	897.525	0.052635	0.058707	0.059470
172.50	897.744	0.052622	0.058693	0.059455
173.00	897.961	0.052609	0.058678	0.059441
173.50	898.175	0.052596	0.058664	0.059427
174.00	898.387	0.052584	0.058651	0.059413
174.50	898.597	0.052572	0.058637	0.059399
175.00	898.804	0.052560	0.058623	0.059385
175.50	899.009	0.052548	0.058610	0.059371
176.00	899.212	0.052536	0.058597	0.059358
176.50	899.412	0.052524	0.058584	0.059345
177.00	899.611	0.052513	0.058571	0.059332
177.50	899.807	0.052501	0.058558	0.059319
178.00	900.001	0.052490	0.058545	0.059306
178.50	900.192	0.052479	0.058533	0.059293
179.00	900.382	0.052468	0.058521	0.059281
179.50	900.570	0.052457	0.058508	0.059269
180.00	900.755	0.052446	0.058496	0.059256
180.50	900.939	0.052435	0.058484	0.059244
181.00	901.120	0.052425	0.058473	0.059232
181.50	901.299	0.052414	0.058461	0.059221
182.00	901.477	0.052404	0.058450	0.059209
182.50	901.652	0.052394	0.058438	0.059197
183.00	901.826	0.052384	0.058427	0.059186
183.50	901.997	0.052374	0.058416	0.059175
184.00	902.167	0.052364	0.058405	0.059164
184.50	902.335	0.052354	0.058394	0.059153
185.00	902.501	0.052344	0.058383	0.059142
185.50	902.665	0.052335	0.058373	0.059131
186.00	902.827	0.052325	0.058362	0.059120
186.50	902.987	0.052316	0.058352	0.059110
187.00	903.146	0.052307	0.058342	0.059100
187.50	903.303	0.052298	0.058331	0.059089
188.00	903.458	0.052289	0.058321	0.059079
188.50	903.611	0.052280	0.058311	0.059069
189.00	903.763	0.052271	0.058302	0.059059
189.50	903.913	0.052263	0.058292	0.059049
190.00	904.061	0.052254	0.058282	0.059040
190.50	904.208	0.052246	0.058273	0.059030
191.00	904.353	0.052237	0.058264	0.059021
191.50	904.496	0.052229	0.058254	0.059011
192.00	904.638	0.052221	0.058245	0.059002
192.50	904.778	0.052213	0.058236	0.058993
193.00	904.917	0.052205	0.058227	0.058984
193.50	905.054	0.052197	0.058219	0.058975
194.00	905.189	0.052189	0.058210	0.058966
194.50	905.323	0.052181	0.058201	0.058957
195.00	905.456	0.052174	0.058193	0.058949
195.50	905.587	0.052166	0.058184	0.058940
196.00	905.717	0.052159	0.058176	0.058932
196.50	905.845	0.052151	0.058168	0.058923
197.00	905.971	0.052144	0.058160	0.058915
197.50	906.097	0.052137	0.058152	0.058907
198.00	906.220	0.052130	0.058144	0.058899
198.50	906.343	0.052122	0.058136	0.058891
199.00	906.464	0.052116	0.058128	0.058883
199.50	906.584	0.052109	0.058120	0.058875
200.00	906.702	0.052102	0.058113	0.058868
200.50	906.819	0.052095	0.058105	0.058860
201.00	906.935	0.052088	0.058098	0.058853
201.50	907.049	0.052082	0.058090	0.058845
202.00	907.162	0.052075	0.058083	0.058838
202.50	907.274	0.052069	0.058076	0.058831
203.00	907.385	0.052063	0.058069	0.058823
203.50	907.494	0.052056	0.058062	0.058816
204.00	907.602	0.052050	0.058055	0.058809
204.50	907.709	0.052044	0.058048	0.058802
205.00	907.815	0.052038	0.058041	0.058796
205.50	907.920	0.052032	0.058035	0.058789
206.00	908.023	0.052026	0.058028	0.058782
206.50	908.125	0.052020	0.058022	0.058775
207.00	908.226	0.052014	0.058015	0.058769
207.50	908.326	0.052009	0.058009	0.058762
208.00	908.425	0.052003	0.058002	0.058756
208.50	908.522	0.051997	0.057996	0.058750
209.00	908.619	0.051992	0.057990	0.058744
209.50	908.714	0.051986	0.057984	0.058737
210.00	908.809	0.051981	0.057978	0.058731
210.50	908.902	0.051976	0.057972	0.058725
211.00	908.994	0.051970	0.057966	0.058719
211.50	909.086	0.051965	0.057960	0.058713
212.00	909.176	0.051960	0.057955	0.058708
212.50	909.265	0.051955	0.057949	0.058702
213.00	909.353	0.051950	0.057943	0.058696
213.50	909.440	0.051945	0.057938	0.058690
214.00	909.526	0.051940	0.057932	0.058685
214.50	909.612	0.051935	0.057927	0.058679
215.00	909.696	0.051930	0.057921	0.058674
215.50	909.779	0.051926	0.057916	0.058669
216.00	909.862	0.051921	0.057911	0.058663
216.50	909.943	0.051916	0.057906	0.058658
217.00	910.023	0.051912	0.057901	0.058653
217.50	910.103	0.051907	0.057896	0.058648
218.00	910.182	0.051903	0.057891	0.058643
218.50	910.260	0.051898	0.057886	0.058638
219.00	910.336	0.051894	0.057881	0.058633
219.50	910.412	0.051889	0.057876	0.058628
220.00	910.488	0.051885	0.057871	0.058623
220.50	910.562	0.051881	0.057866	0.058618
221.00	910.635	0.051877	0.057862	0.058613
221.50	910.708	0.051873	0.057857	0.058609
222.00	910.780	0.051869	0.057853	0.058604
222.50	910.851	0.051865	0.057848	0.058600
223.00	910.921	0.051861	0.057844	0.058595
223.50	910.991	0.051857	0.057839	0.058591
224.00	911.059	0.051853	0.057835	0.058586
224.50	911.127	0.051849	0.057830	0.058582
225.00	911.194	0.051845	0.057826	0.058578
225.50	911.260	0.051841	0.057822	0.058573
226.00	911.326	0.051837	0.057818	0.058569
226.50	911.391	0.051834	0.057814	0.058565
227.00	911.455	0.051830	0.057810	0.058561
227.50	911.518	0.051827	0.057806	0.058557
228.00	911.581	0.051823	0.057802	0.058553
228.50	911.643	0.051819	0.057798	0.058549
229.00	911.704	0.051816	0.057794	0.058545
229.50	911.765	0.051813	0.057790	0.058541
230.00	911.824	0.051809	0.057786	0.058537
230.50	911.884	0.051806	0.057782	0.058533
231.00	911.942	0.051802	0.057779	0.058529
231.50	912.000	0.051799	0.057775	0.058526
232.00	912.057	0.051796	0.057772	0.058522
232.50	912.113	0.051793	0.057768	0.058518
233.00	912.169	0.051790	0.057764	0.058515
233.50	912.225	0.051786	0.057761	0.058511
234.00	912.279	0.051783	0.057757	0.058508
234.50	912.333	0.051780	0.057754	0.058504
235.00	912.387	0.051777	0.057751	0.058501
235.50	912.439	0.051774	0.057747	0.058498
236.00	912.491	0.051771	0.057744	0.058494
236.50	912.543	0.051768	0.057741	0.058491
237.00	912.594	0.051765	0.057738	0.058488
237.50	912.644	0.051763	0.057734	0.058484
238.00	912.694	0.051760	0.057731	0.058481
238.50	912.744	0.051757	0.057728	0.058478
239.00	912.792	0.051754	0.057725	0.058475
239.50	912.840	0.051751	0.057722	0.058472
240.00	912.888	0.051749	0.057719	0.058469
240.50	912.935	0.051746	0.057716	0.058466
241.00	912.982	0.051743	0.057713	0.058463
241.50	913.028	0.051741	0.057710	0.058460
242.00	913.073	0.051738	0.057707	0.058457
242.50	913.118	0.051736	0.057704	0.058454
243.00	913.162	0.051733	0.057702	0.058451
243.50	913.206	0.051731	0.057699	0.058448
244.00	913.250	0.051728	0.057696	0.058446
244.50	913.293	0.051726	0.057693	0.058443
245.00	913.335	0.051723	0.057691	0.058440
245.50	913.377	0.051721	0.057688	0.058438
246.00	913.419	0.051719	0.057685	0.058435
246.50	913.460	0.051716	0.057683	0.058432
247.00	913.500	0.051714	0.057680	0.058430
247.50	913.540	0.051712	0.057678	0.058427
248.00	913.580	0.051710	0.057675	0.058425
248.50	913.619	0.051707	0.057673	0.058422
249.00	913.658	0.051705	0.057670	0.058420
249.50	913.696	0.051703	0.057668	0.058417
250.00	913.734	0.051701	0.057665	0.058415
250.50	913.771	0.051699	0.057663	0.058412
251.00	913.808	0.051697	0.057661	0.058410
251.50	913.845	0.051695	0.057658	0.058408
252.00	913.881	0.051693	0.057656	0.058405
252.50	913.917	0.051691	0.057654	0.058403
253.00	913.952	0.051689	0.057652	0.058401
253.50	913.987	0.051687	0.057650	0.058399
254.00	914.021	0.051685	0.057647	0.058396
254.50	914.055	0.051683	0.057645	0.058394
255.00	914.089	0.051681	0.057643	0.058392
255.50	914.123	0.051679	0.057641	0.058390
256.00	914.156	0.051677	0.057639	0.058388
256.50	914.188	0.051675	0.057637	0.058386
257.00	914.220	0.051673	0.057635	0.058384
257.50	914.252	0.051672	0.057633	0.058382
258.00	914.284	0.051670	0.057631	0.058380
258.50	914.315	0.051668	0.057629	0.058378
259.00	914.346	0.051666	0.057627	0.058376
259.50	914.376	0.051665	0.057625	0.058374
260.00	914.406	0.051663	0.057623	0.058372
260.50	914.436	0.051661	0.057621	0.058370
261.00	914.465	0.051660	0.057619	0.058368
261.50	914.494	0.051658	0.057618	0.058366
262.00	914.523	0.051656	0.057616	0.058364
262.50	914.551	0.051655	0.057614	0.058362
263.00	914.579	0.051653	0.057612	0.058361
263.50	914.607	0.051652	0.057610	0.058359
264.00	914.635	0.051650	0.057609	0.058357
264.50	914.662	0.051648	0.057607	0.058355
265.00	914.689	0.051647	0.057605	0.058354
265.50	914.715	0.051645	0.057604	0.058352
266.00	914.741	0.051644	0.057602	0.058350
266.50	914.767	0.051642	0.057600	0.058349
267.00	914.793	0.051641	0.057599	0.058347
267.50	914.818	0.051640	0.057597	0.058345
268.00	914.843	0.051638	0.057596	0.058344
268.50	914.868	0.051637	0.057594	0.058342
269.00	914.892	0.051635	0.057592	0.058341
269.50	914.916	0.051634	0.057591	0.058339
270.00	914.940	0.051633	0.057589	0.058338
270.50	914.964	0.051631	0.057588	0.058336
271.00	914.987	0.051630	0.057586	0.058335
271.50	915.010	0.051629	0.057585	0.058333
272.00	915.033	0.051627	0.057584	0.058332
272.50	915.056	0.051626	0.057582	0.058330
273.00	915.078	0.051625	0.057581	0.058329
273.50	915.100	0.051624	0.057579	0.058327
274.00	915.122	0.051622	0.057578	0.058326
274.50	915.143	0.051621	0.057577	0.058325
275.00	915.165	0.051620	0.057575	0.058323
275.50	915.186	0.051619	0.057574	0.058322
276.00	915.207	0.051618	0.057573	0.058321
276.50	915.227	0.051617	0.057571	0.058319
277.00	915.247	0.051615	0.057570	0.058318
277.50	915.268	0.051614	0.057569	0.058317
278.00	915.287	0.051613	0.057568	0.058316
278.50	915.307	0.051612	0.057566	0.058314
279.00	915.327	0.051611	0.057565	0.058313
279.50	915.346	0.051610	0.057564	0.058312
280.00	915.365	0.051609	0.057563	0.058311
280.50	915.383	0.051608	0.057562	0.058309
281.00	915.402	0.051607	0.057560	0.058308
281.50	915.420	0.051606	0.057559	0.058307
282.00	915.438	0.051605	0.057558	0.058306
282.50	915.456	0.051604	0.057557	0.058305
283.00	915.474	0.051603	0.057556	0.058304
283.50	915.492	0.051602	0.057555	0.058303
284.00	915.509	0.051601	0.057554	0.058301
284.50	915.526	0.051600	0.057553	0.058300
285.00	915.543	0.051599	0.057552	0.058299
285.50	915.560	0.051598	0.057550	0.058298
286.00	915.576	0.051597	0.057549	0.058297
286.50	915.593	0.051596	0.057548	0.058296
287.00	915.609	0.051595	0.057547	0.058295
287.50	915.625	0.051594	0.057546	0.058294
288.00	915.640	0.051593	0.057545	0.058293
288.50	915.656	0.051592	0.057544	0.058292
289.00	915.671	0.051591	0.057543	0.058291
289.50	915.687	0.051591	0.057543	0.058290
290.00	915.702	0.051590	0.057542	0.058289
290.50	915.717	0.051589	0.057541	0.058288
291.00	915.731	0.051588	0.057540	0.058287
291.50	915.746	0.051587	0.057539	0.058286
292.00	915.760	0.051586	0.057538	0.058285
292.50	915.775	0.051586	0.057537	0.058285
293.00	915.789	0.051585	0.057536	0.058284
293.50	915.803	0.051584	0.057535	0.058283
294.00	915.816	0.051583	0.057534	0.058282
294.50	915.830	0.051583	0.057534	0.058281
295.00	915.843	0.051582	0.057533	0.058280
295.50	915.857	0.051581	0.057532	0.058279
296.00	915.870	0.051580	0.057531	0.058278
296.50	915.883	0.051580	0.057530	0.058278
297.00	915.896	0.051579	0.057529	0.058277
297.50	915.908	0.051578	0.057529	0.058276
298.00	915.921	0.051577	0.057528	0.058275
298.50	915.933	0.051577	0.057527	0.058274
299.00	915.945	0.051576	0.057526	0.058274
299.50	915.958	0.051575	0.057525	0.058273
