f_18, P_18, P_fit, P_estimated, P_input, P_noise,
0.000000000000000000e+00 3.247350273557137457e-01 3.536325935082324512e-01 3.534940893531077766e-01 3.247350273557137457e-01 1.385041551246537508e-04
4.988863130142279223e-02 3.243944506369846326e-01 3.533844175641731034e-01 3.532459138802696574e-01 3.245099664388799154e-01 1.385036839034454569e-04
9.977726260284558446e-02 3.236436890421799384e-01 3.526409346532171085e-01 3.525024323829291095e-01 3.238357191405956681e-01 1.385022702879958251e-04
1.496658939042683767e-01 3.232263887710928318e-01 3.514052722098785497e-01 3.512667722954557203e-01 3.227150853402536712e-01 1.384999144228210631e-04
1.995545252056911689e-01 3.241883912201369844e-01 3.496826182664438676e-01 3.495441216498951231e-01 3.211527099754057368e-01 1.384966165487492532e-04
2.494431565071139612e-01 3.276842063599932353e-01 3.474801851659867769e-01 3.473416927889839134e-01 3.191550509684899506e-01 1.384923770028724846e-04
2.993317878085367534e-01 3.348135625433097950e-01 3.448071592590764567e-01 3.446686720628579503e-01 3.167303347592099194e-01 1.384871962184787658e-04
3.492204191099596011e-01 3.464749350552964180e-01 3.416746370751284623e-01 3.415361560004034902e-01 3.138884998710333440e-01 1.384810747249660197e-04
3.991090504113823378e-01 3.631540973730040811e-01 3.380955485889808321e-01 3.379570745758330719e-01 3.106411290535311398e-01 1.384740131477355072e-04
4.489976817128051301e-01 3.845173495079933779e-01 3.340845683251545961e-01 3.339461023129465245e-01 3.070013706488491922e-01 1.384660122080673601e-04
4.988863130142279223e-01 4.086972146999959810e-01 3.296580151549083904e-01 3.295195580821854153e-01 3.029838499292172860e-01 1.384570727229757594e-04
5.487749443156507700e-01 4.313975210519709336e-01 3.248337417432718977e-01 3.246952945476668240e-01 2.986045712418960996e-01 1.384471956050463317e-04
5.986635756170735068e-01 4.456259299683063557e-01 3.196310146935768537e-01 3.194925783117146256e-01 2.938808118773206246e-01 1.384363818622534343e-04
6.485522069184963545e-01 4.436058088692920176e-01 3.140703865145859641e-01 3.139319618819881863e-01 2.888310086445534663e-01 1.384246325977590353e-04
6.984408382199192022e-01 4.212693795602639457e-01 3.081735605993404792e-01 3.080351486503307701e-01 2.834746381947915173e-01 1.384119490096932174e-04
7.483294695213419390e-01 3.818200073875618328e-01 3.019632504546967966e-01 3.018248521223058645e-01 2.778320921780492725e-01 1.383983323909142977e-04
7.982181008227646757e-01 3.339725519526965947e-01 2.954630344557849786e-01 2.953246506716562525e-01 2.719245483498992089e-01 1.383837841287527664e-04
8.481067321241875234e-01 2.865996843424061802e-01 2.886972074201136218e-01 2.885588391144088827e-01 2.657738387641027655e-01 1.383683057047338939e-04
8.979953634256102601e-01 2.451902197432531405e-01 2.816906303017603364e-01 2.815522784030660697e-01 2.594023161931122146e-01 1.383518986942842369e-04
9.478839947270329969e-01 2.117308511259088921e-01 2.744685792972599847e-01 2.743302447324935667e-01 2.528327199119264068e-01 1.383345647664182231e-04
9.977726260284558446e-01 1.861113255553693835e-01 2.670565956318278755e-01 2.669182793261444808e-01 2.460880419619938531e-01 1.383163056834071166e-04
1.047661257329878692e+00 1.673969828012585592e-01 2.594803372580493650e-01 2.593420401347489301e-01 2.391913949812613516e-01 1.382971233004300137e-04
1.097549888631301540e+00 1.545446065670516289e-01 2.517654336498927892e-01 2.516271566303275864e-01 2.321658826447319524e-01 1.382770195652063524e-04
1.147438519932724388e+00 1.467052140909381186e-01 2.439373448137991951e-01 2.437990888172815729e-01 2.250344737077950574e-01 1.382559965176109122e-04
1.197327151234147014e+00 1.433158908569995282e-01 2.360212255667362702e-01 2.358829915104470043e-01 2.178198805830472984e-01 1.382340562892711143e-04
1.247215782535569861e+00 1.441036910194219423e-01 2.280417960496728402e-01 2.279035848485697069e-01 2.105444433113363989e-01 1.382112011031468664e-04
1.297104413836992709e+00 1.490508123756270342e-01 2.200232193552164317e-01 2.198850319219433358e-01 2.032300197104463246e-01 1.381874332730923004e-04
1.346993045138415557e+00 1.583165295179508880e-01 2.119889870515335450e-01 2.118508242963301480e-01 1.958978824013526132e-01 1.381627552034015468e-04
1.396881676439838404e+00 1.720596761800533558e-01 2.039618132825553320e-01 2.038236761131669850e-01 1.885686233235451814e-01 1.381371693883362388e-04
1.446770307741261030e+00 1.900456979770707433e-01 1.959635380183058773e-01 1.958254273398942480e-01 1.812620662587749731e-01 1.381106784116367810e-04
1.496658939042683878e+00 2.109058489807282555e-01 1.880150399204405243e-01 1.878769566354945020e-01 1.739971877879880890e-01 1.380832849460169763e-04
1.546547570344106726e+00 2.311673894467740631e-01 1.801361591781776017e-01 1.799981041864249509e-01 1.667920470104143627e-01 1.380549917526413854e-04
1.596436201645529351e+00 2.450216662678612878e-01 1.723456305601567817e-01 1.722076047584761849e-01 1.596637242579834748e-01 1.380258016805877258e-04
1.646324832946952199e+00 2.465509552836855911e-01 1.646610268197079840e-01 1.645230311020416947e-01 1.526282689436268825e-01 1.379957176662915432e-04
1.696213464248375047e+00 2.340054448478486870e-01 1.570987124858366502e-01 1.569607477431036735e-01 1.457006565896986350e-01 1.379647427329763819e-04
1.746102095549797673e+00 2.115041557325838817e-01 1.496738079711029956e-01 1.495358750911129353e-01 1.388947549937322445e-01 1.379328799900673400e-04
1.795990726851220520e+00 1.857178650630968153e-01 1.424001638315749163e-01 1.422622636989423206e-01 1.322232994040083431e-01 1.379001326325894454e-04
1.845879358152643368e+00 1.617888126683678374e-01 1.352903449241236178e-01 1.351524784201830753e-01 1.256978764977733642e-01 1.378665039405507992e-04
1.895767989454065994e+00 1.421315775630061506e-01 1.283556241233357320e-01 1.282177921260574116e-01 1.193289168811642181e-01 1.378319972783108381e-04
1.945656620755488841e+00 1.272533750277732023e-01 1.216059851849454754e-01 1.214681885688515400e-01 1.131256957625944859e-01 1.377966160939332011e-04
1.995545252056911689e+00 1.168037995795908612e-01 1.150501342754992468e-01 1.149123739115807258e-01 1.070963413910470813e-01 1.377603639185246104e-04
2.045433883358334537e+00 1.102020835236656726e-01 1.086955196293787063e-01 1.085577963850131444e-01 1.012478507977930264e-01 1.377232443655593047e-04
2.095322514659757385e+00 1.068856734606744852e-01 1.025483587446144873e-01 1.024106734834843019e-01 9.558611233478656044e-02 1.376852611301890262e-04
2.145211145961180232e+00 1.063325209811594313e-01 9.661367248826793763e-02 9.647602607027939980e-02 9.011593446553728404e-02 1.376464179885395357e-04
2.195099777262603080e+00 1.079388832981316715e-01 9.089532545055629964e-02 9.075771873175930704e-02 8.484108023466001292e-02 1.376067187969933316e-04
2.244988408564025928e+00 1.107784024782618448e-01 8.539607186425113294e-02 8.525850569675967605e-02 7.976430682050197896e-02 1.375661674914594400e-04
2.294877039865448776e+00 1.133112927572407502e-01 8.011760639195612821e-02 7.998008162386949227e-02 7.488740956106931801e-02 1.375247680866293807e-04
2.344765671166871179e+00 1.133295246197265072e-01 7.506061907834743474e-02 7.492313655367222047e-02 7.021126983666318988e-02 1.374825246752207463e-04
2.394654302468294027e+00 1.086580203670234612e-01 7.022485376691119108e-02 7.008741432548398764e-02 6.573590619284859493e-02 1.374394414272085848e-04
2.444542933769716875e+00 9.861943445412624243e-02 6.560916929063047298e-02 6.547177376804143301e-02 6.146052809419669249e-02 1.373955225890438245e-04
2.494431565071139723e+00 8.484736206122592272e-02 6.121160276288032526e-02 6.107425199039746844e-02 5.738359171218192917e-02 1.373507724828601539e-04
2.544320196372562570e+00 7.019147598792946363e-02 5.702943431784893852e-02 5.689212912234326708e-02 5.350285716914543466e-02 1.373051955056689736e-04
2.594208827673985418e+00 5.693070751088433884e-02 5.305925267843526749e-02 5.292199388230672125e-02 4.981544668378310586e-02 1.372587961285430742e-04
2.644097458975407822e+00 4.606497121112664017e-02 4.929702096306417397e-02 4.915980938416838336e-02 4.631790309156585267e-02 1.372115788957889557e-04
2.693986090276831113e+00 3.764540519336669749e-02 4.573814218048243702e-02 4.560097863205832963e-02 4.300624824523632816e-02 1.371635484241084143e-04
2.743874721578253517e+00 3.130669642488510818e-02 4.237752390260943886e-02 4.224040919320769250e-02 3.987604083540723099e-02 1.371147094017496123e-04
2.793763352879676809e+00 2.660125847998130039e-02 3.920964164918538247e-02 3.907257658259773170e-02 3.692243320867920342e-02 1.370650665876474677e-04
2.843651984181099213e+00 2.313644356587662987e-02 3.622860056357064817e-02 3.609158593876009291e-02 3.414022679998388043e-02 1.370146248105547483e-04
2.893540615482522060e+00 2.060733310559315079e-02 3.342819500590070436e-02 3.329123161693254423e-02 3.152392583641982354e-02 1.369633889681625392e-04
2.943429246783944464e+00 1.878928497452606039e-02 3.080196573724531053e-02 3.066505437321909860e-02 2.906778901112718264e-02 1.369113640262121460e-04
2.993317878085367756e+00 1.751981975421647991e-02 2.834325441582400892e-02 2.820639586080641095e-02 2.676587886717200424e-02 1.368585550175974836e-04
3.043206509386790160e+00 1.668035293914024719e-02 2.604525517313287589e-02 2.590845020609141777e-02 2.461210867249486942e-02 1.368049670414586293e-04
3.093095140688213451e+00 1.618017232059242375e-02 2.390106308351020933e-02 2.376431247824794396e-02 2.260028660724100816e-02 1.367506052622667828e-04
3.142983771989635855e+00 1.594224565276029446e-02 2.190371938475078537e-02 2.176702390984188232e-02 2.072415712382108186e-02 1.366954749089015566e-04
3.192872403291058703e+00 1.589005325913061401e-02 2.004625334946096363e-02 1.990961376818724260e-02 1.897743937747693385e-02 1.366395812737197541e-04
3.242761034592481995e+00 1.593582373703013311e-02 1.832172074658276403e-02 1.818513781687114764e-02 1.735386266063124530e-02 1.365829297116166133e-04
3.292649665893904398e+00 1.597327619962348941e-02 1.672323886961539843e-02 1.658671334397631911e-02 1.584719880761046792e-02 1.365255256390803288e-04
3.342538297195327246e+00 1.588135737932344985e-02 1.524401814230075952e-02 1.510755076776752054e-02 1.445129156723375628e-02 1.364673745332389831e-04
3.392426928496750094e+00 1.554559584876061967e-02 1.387739034374307033e-02 1.374098186181216957e-02 1.316008296908947536e-02 1.364084819309007845e-04
3.442315559798172941e+00 1.489452013193152610e-02 1.261683352298463047e-02 1.248048466955704178e-02 1.196763673495124594e-02 1.363488534275885029e-04
3.492204191099595345e+00 1.393162176031528462e-02 1.145599369789929850e-02 1.131970520322273140e-02 1.086815880965163322e-02 1.362884946765673751e-04
3.542092822401018637e+00 1.273698807034482315e-02 1.038870345487597976e-02 1.025247604348811237e-02 9.856015105797541823e-03 1.362274113878671536e-04
3.591981453702441041e+00 1.143319661417794252e-02 9.408997584174566900e-03 9.272831974847267622e-03 8.925746573988395036e-03 1.361656093272992508e-04
3.641870085003864332e+00 1.013899129155807280e-02 8.511125901118443346e-03 8.375022806802976186e-03 8.072081724732378324e-03 1.361030943154680004e-04
3.691758716305286736e+00 8.938528387662021679e-03 7.689563415545040172e-03 7.553523543318262264e-03 7.289946740124149741e-03 1.360398722267781250e-04
3.741647347606709584e+00 7.874540542315474831e-03 6.939018021302737274e-03 6.803042072314300845e-03 6.574473322654130793e-03 1.359759489884362937e-04
3.791535978908131987e+00 6.956826874164400744e-03 6.254435884224245935e-03 6.118524553644795992e-03 5.921004435396401769e-03 1.359113305794495909e-04
3.841424610209555279e+00 6.174832455022668740e-03 5.631004711101350764e-03 5.495158688071730656e-03 5.325098092416483651e-03 1.358460230296198914e-04
3.891313241510977683e+00 5.508095811179002620e-03 5.064155083935616142e-03 4.928375051517082731e-03 4.782529360717963952e-03 1.357800324185337636e-04
3.941201872812400975e+00 4.933112308938559544e-03 4.549560043352793813e-03 4.413846678478243121e-03 4.289290735584911848e-03 1.357133648745503937e-04
3.991090504113823378e+00 4.427367930798076397e-03 4.083133102764782002e-03 3.947487076190996612e-03 3.841591049960205780e-03 1.356460265737853359e-04
4.040979135415246226e+00 3.971687663949543569e-03 3.661024870861439087e-03 3.525446847122346884e-03 3.435853075717443597e-03 1.355780237390922030e-04
4.090867766716669074e+00 3.551665239641391657e-03 3.279618454539656117e-03 3.144109091900614255e-03 3.068709970528760416e-03 1.355093626390417268e-04
4.140756398018091922e+00 3.158404576889037481e-03 2.935523807644835337e-03 2.800083758057936387e-03 2.737000718690357944e-03 1.354400495868987326e-04
4.190645029319514769e+00 2.788432030946387790e-03 2.625571183123606277e-03 2.490201092184008737e-03 2.437764707929242821e-03 1.353700909395973780e-04
4.240533660620937617e+00 2.442626247498976867e-03 2.346803837569915070e-03 2.211504344473200386e-03 2.168235577057190354e-03 1.352994930967145221e-04
4.290422291922360465e+00 2.124350525945322993e-03 2.096470127882149332e-03 1.961241865382706753e-03 1.925834461532757291e-03 1.352282624994426607e-04
4.340310923223783313e+00 1.837372470091338562e-03 1.872015130017844024e-03 1.736858724388283277e-03 1.708162755700565324e-03 1.351564056295606934e-04
4.390199554525206160e+00 1.584251389212706180e-03 1.671071899801689423e-03 1.535987970793284245e-03 1.512994501849585253e-03 1.350839290084051778e-04
4.440088185826628120e+00 1.365577018018906226e-03 1.491452485564935797e-03 1.356441646369095080e-03 1.338268507407006916e-03 1.350108391958407988e-04
4.489976817128051856e+00 1.180008282953769975e-03 1.331138792207161572e-03 1.196201649417931358e-03 1.182080282686998876e-03 1.349371427892302137e-04
4.539865448429473815e+00 1.024788607786028972e-03 1.188273386196986824e-03 1.053410539774581652e-03 1.042673882757051739e-03 1.348628464224051443e-04
4.589754079730897551e+00 8.963911088914152704e-04 1.061150321173261451e-03 9.263623644086243884e-04 9.184337282675286056e-04 1.347879567646370082e-04
4.639642711032319511e+00 7.910704016656199813e-04 9.482060542642821357e-04 8.134935737446733926e-04 8.078764715993050870e-04 1.347124805196087431e-04
4.689531342333742359e+00 7.052371108451165570e-04 8.480105140856738317e-04 7.133740896612863341e-04 7.096429664923759517e-04 1.346364244243874976e-04
4.739419973635165206e+00 6.356612780567532251e-04 7.592583726712839832e-04 6.246985774228851424e-04 6.224903914868259872e-04 1.345597952483988408e-04
4.789308604936588054e+00 5.795474862402118579e-04 6.807605653837991121e-04 5.462779655913970562e-04 5.452845700847218802e-04 1.344825997924020016e-04
4.839197236238010902e+00 5.345278191897742020e-04 6.114360951804362647e-04 4.770312502929686363e-04 4.769925235657501922e-04 1.344048448874676012e-04
4.889085867539433750e+00 4.986083516604155165e-04 5.503041504984999962e-04 4.159776131045432005e-04 4.166752858879867096e-04 1.343265373939567687e-04
4.938974498840856597e+00 4.700923616741206905e-04 4.964765594908318461e-04 3.622288752903285816e-04 3.634810040960430831e-04 1.342476842005032374e-04
4.988863130142279445e+00 4.474939116514455571e-04 4.491505973874774247e-04 3.149823051644800578e-04 3.166383421515367035e-04 1.341682922229973940e-04
5.038751761443702293e+00 4.294504630969766764e-04 4.076021583842573339e-04 2.735137899806837553e-04 2.754502010970107887e-04 1.340883684035735785e-04
5.088640392745125141e+00 4.146431400015132248e-04 3.711792986512006307e-04 2.371713789416002088e-04 2.392877639590465239e-04 1.340079197096004219e-04
5.138529024046547100e+00 4.017379196534740806e-04 3.392961527976944718e-04 2.053691996650201183e-04 2.075848697786958407e-04 1.339269531326743535e-04
5.188417655347970836e+00 3.893686129449757706e-04 3.114272224052843730e-04 1.775817467176677941e-04 1.798327176116256624e-04 1.338454756876165789e-04
5.238306286649393684e+00 3.761873467556497964e-04 2.871020320177951161e-04 1.533385376063208308e-04 1.555748982467830370e-04 1.337634944114742582e-04
5.288194917950815643e+00 3.609995274981188385e-04 2.659001452329499190e-04 1.322191288704247642e-04 1.344027487278068235e-04 1.336810163625251819e-04
5.338083549252238491e+00 3.429670704507380282e-04 2.474465312389210331e-04 1.138484826196339253e-04 1.159510225003582541e-04 1.335980486192871349e-04
5.387972180553662227e+00 3.218110016370533664e-04 2.314072702502474892e-04 9.789267197071624361e-05 9.989386612345187687e-05 1.335145982795312455e-04
5.437860811855085075e+00 2.979078641108128304e-04 2.174855847866949887e-04 8.405491232739415158e-05 8.594109194530664313e-05 1.334306724593008371e-04
5.487749443156507034e+00 2.722015535196143309e-04 2.054181825717676447e-04 7.207190427983357125e-05 7.383473492487765293e-05 1.333462782919340734e-04
5.537638074457929882e+00 2.459469070727555366e-04 1.949718959708728527e-04 6.171047304378016261e-05 6.334588084980285821e-05 1.332614229270927036e-04
5.587526705759353618e+00 2.203955113553373256e-04 1.859406023093651962e-04 5.276448877956957828e-05 5.427175253094358173e-05 1.331761135297956315e-04
5.637415337060775578e+00 1.965510590899862905e-04 1.781424090757034089e-04 4.505205179624519849e-05 4.643304011465490511e-05 1.330903572794582036e-04
5.687303968362198425e+00 1.750591926229152638e-04 1.714170878939665890e-04 3.841292652502992043e-05 3.967146141906172530e-05 1.330041613689366754e-04
5.737192599663622161e+00 1.562187989303986046e-04 1.656237412137759270e-04 3.270620821019615618e-05 3.384753814374527370e-05 1.329175330035797776e-04
5.787081230965044121e+00 1.400614508795667006e-04 1.606386858868546932e-04 2.780820648656959833e-05 2.883857389868686101e-05 1.328304794002851084e-04
5.836969862266466968e+00 1.264476373726382470e-04 1.563535381526000366e-04 2.361053036603753518e-05 2.453682022490625490e-05 1.327430077865624912e-04
5.886858493567888928e+00 1.151494632884236748e-04 1.526734850166282936e-04 2.001835961702444621e-05 2.084781711453316630e-05 1.326551253996038373e-04
5.936747124869312664e+00 1.059094738573207917e-04 1.495157275548901347e-04 1.694888806953070200e-05 1.768889496226633458e-05 1.325668394853594327e-04
5.986635756170735512e+00 9.847688002426203664e-05 1.468080822922942976e-04 1.432992499467341792e-05 1.498782537539769312e-05 1.324781572976208932e-04
6.036524387472158359e+00 9.262675704025778321e-05 1.444877274714464186e-04 1.209864137433462548e-05 1.268160881950622391e-05 1.323890860971117898e-04
6.086413018773580319e+00 8.816799534338732604e-05 1.425000817287605265e-04 1.020044857817599357e-05 1.071538766710466551e-05 1.322996331505845347e-04
6.136301650075004055e+00 8.494442545473602211e-05 1.407978034183213331e-04 8.587997688396029259e-06 9.041473834066865960e-06 1.322098057299252920e-04
6.186190281376426903e+00 8.283193324722115409e-05 1.393398995567705868e-04 7.220288445504508541e-06 7.618480822344668805e-06 1.321196111112660698e-04
6.236078912677848862e+00 8.173300953947263076e-05 1.380909340951398613e-04 6.061877521035447928e-06 6.410550627556375945e-06 1.320290565741044024e-04
6.285967543979271710e+00 8.156911426205720435e-05 1.370203259474864893e-04 5.082176547055792332e-06 5.386666608162230973e-06 1.319381494004307029e-04
6.335856175280695446e+00 8.227043246660167028e-05 1.361017279143985335e-04 4.254831040534599185e-06 4.520044042140966842e-06 1.318468968738639377e-04
6.385744806582117405e+00 8.376205367557475624e-05 1.353124783261939828e-04 3.557172047398979983e-06 3.787590711523927817e-06 1.317553062787949977e-04
6.435633437883540253e+00 8.594548944929750254e-05 1.346331178914349734e-04 2.969732991896887667e-06 3.169430450143643040e-06 1.316633848995380938e-04
6.485522069184963989e+00 8.867523371841345189e-05 1.340469648677360256e-04 2.475824848245030545e-06 2.648483161790846222e-06 1.315711400194909879e-04
6.535410700486385949e+00 9.173259415448236373e-05 1.335397422712336646e-04 2.061163350930611903e-06 2.210095361825250044e-06 1.314785789203030573e-04
6.585299331787808796e+00 9.480409126022344062e-05 1.330992514068073671e-04 1.713542525754854564e-06 1.841715813113179440e-06 1.313857088810525212e-04
6.635187963089231644e+00 9.747876047974335053e-05 1.327150865321874407e-04 1.422549354755682590e-06 1.532611315609802328e-06 1.312925371774317708e-04
6.685076594390654492e+00 9.928328005148447577e-05 1.323783859650814814e-04 1.179314884139826371e-06 1.273618167205412597e-06 1.311990710809416447e-04
6.734965225692077340e+00 9.976673182227510889e-05 1.320816154035135605e-04 9.762975454189405524e-07 1.056925241358720330e-06 1.311053178580946213e-04
6.784853856993500187e+00 9.862063193371491143e-05 1.318183796562579738e-04 8.070948866306152337e-07 8.758850247166428581e-07 1.310112847696273631e-04
6.834742488294922147e+00 9.578489575145527214e-05 1.315832593734553887e-04 6.662803037339447267e-07 7.248493258947183831e-07 1.309169790697214464e-04
6.884631119596345883e+00 9.147936388387556937e-05 1.313716697284092320e-04 5.492617231750915962e-07 5.990267056784799517e-07 1.308224080052341467e-04
6.934519750897768731e+00 8.613729197531633935e-05 1.311797383315455728e-04 4.521595166077126139e-07 4.943589901433981020e-07 1.307275788149378710e-04
6.984408382199190690e+00 8.027718201854038081e-05 1.310041999581387459e-04 3.717012293695383837e-07 4.074145127943989310e-07 1.306324987287692122e-04
7.034297013500613538e+00 7.437891503139178781e-05 1.308423059442983432e-04 3.051309772108622120e-07 3.352959911390364951e-07 1.305371749670874906e-04
7.084185644802037274e+00 6.881006982667463464e-05 1.306917463526018454e-04 2.501316126593164186e-07 2.755611785605278104e-07 1.304416147399425376e-04
7.134074276103459233e+00 6.380840681392679350e-05 1.305505832313875038e-04 2.047579850353483903e-07 2.261546454317967618e-07 1.303458252463521566e-04
7.183962907404882081e+00 5.950108274972958615e-05 1.304171934918406275e-04 1.673798182513467391e-07 1.853492356144905135e-07 1.302498136735892869e-04
7.233851538706305817e+00 5.593776702651423330e-05 1.302902201063362616e-04 1.366329098576328143e-07 1.516959173218316247e-07 1.301535871964786277e-04
7.283740170007728665e+00 5.312283791551129222e-05 1.301685304917230641e-04 1.113775150196553142e-07 1.239809022718371113e-07 1.300571529767033992e-04
7.333628801309150624e+00 5.104064723617725047e-05 1.300511810839642083e-04 9.066292184263038820e-08 1.011890455607441340e-07 1.299605181621215906e-04
7.383517432610573472e+00 4.967330887318137557e-05 1.299373872373427771e-04 7.369735125073459435e-08 8.247266213546176214e-08 1.298636898860920468e-04
7.433406063911997208e+00 4.901275648643391055e-05 1.298264976937568531e-04 5.982242694615922923e-08 6.712500546729847391e-08 1.297666752668106931e-04
7.483294695213419168e+00 4.906928838102296700e-05 1.297179729668576404e-04 4.849156020128208079e-08 5.455775128688716206e-08 1.296694814066563545e-04
7.533183326514842015e+00 4.987856399950128258e-05 1.296113670732151294e-04 3.925168166798271623e-08 4.428191521799909792e-08 1.295721153915471463e-04
7.583071957816263975e+00 5.150860334900468439e-05 1.295063121195299725e-04 3.172782922397639562e-08 3.589170895533408452e-08 1.294745842903059991e-04
7.632960589117687711e+00 5.406794966813205887e-05 1.294025053222656993e-04 2.561016822853438242e-08 2.905090629994048745e-08 1.293768951540371606e-04
7.682849220419110559e+00 5.771571722989254157e-05 1.292996980949637361e-04 2.064307945168500791e-08 2.348134884990440090e-08 1.292790550155120503e-04
7.732737851720532518e+00 6.267344103060746186e-05 1.291976868898734340e-04 1.661600130782845066e-08 1.895327232119282405e-08 1.291810708885656020e-04
7.782626483021955366e+00 6.923671915888820138e-05 1.290963055252221858e-04 1.335575771959030321e-08 1.527717914811235245e-08 1.290829497675025821e-04
7.832515114323379102e+00 7.777995693198077394e-05 1.289954187682484791e-04 1.072014173442391847e-08 1.229702191764666213e-08 1.289846986265140449e-04
7.882403745624801950e+00 8.873687064280840310e-05 1.288949169777179899e-04 8.592558614089851604e-09 9.884495992344953289e-09 1.288863244191038981e-04
7.932292376926223909e+00 1.025178753285205577e-04 1.287947116386706269e-04 6.877561144934174220e-09 7.934268973951996312e-09 1.287878340775256867e-04
7.982181008227646757e+00 1.192913114812809198e-04 1.286947316471685754e-04 5.497134938996417852e-09 6.359999996328874378e-09 1.286892345122295689e-04
8.032069639529069605e+00 1.385338056043482690e-04 1.285949202243358281e-04 4.387613016430956077e-09 5.091023697462114759e-09 1.285905326113194014e-04
8.081958270830492452e+00 1.583575621475634995e-04 1.284952323574468230e-04 3.497117427226057616e-09 4.069592541048910872e-09 1.284917352400196105e-04
8.131846902131915300e+00 1.750579674418056223e-04 1.283956326816358749e-04 2.783441482880780594e-09 3.248587325457501419e-09 1.283928492401529859e-04
8.181735533433338148e+00 1.839473866048335475e-04 1.282960937293066439e-04 2.212299678648944526e-09 2.589619575602252695e-09 1.282938814296279888e-04
8.231624164734760996e+00 1.819753230821372070e-04 1.281965944858408889e-04 1.755883904599921962e-09 2.061461365781910893e-09 1.281948386019362781e-04
8.281512796036183843e+00 1.700457911275293614e-04 1.280971192000024926e-04 1.391674341895698108e-09 1.638748237349470922e-09 1.280957275256605914e-04
8.331401427337606691e+00 1.522510061051630091e-04 1.279976564057509357e-04 1.101461758410259181e-09 1.300909490457158955e-09 1.279965549439925185e-04
8.381290058639029539e+00 1.330238507674856119e-04 1.278981981192244368e-04 8.705449640012340718e-10 1.031287451274540233e-09 1.278973275742604403e-04
8.431178689940452387e+00 1.152576092044108193e-04 1.277987391806097454e-04 6.870731423655587230e-10 8.164135262433188038e-10 1.277980521074673873e-04
8.481067321241875234e+00 1.001815394276530670e-04 1.276992767156405798e-04 5.415078015850153100e-10 6.454141111795683987e-10 1.276987352078389816e-04
8.530955952543298082e+00 8.798684987103057309e-05 1.275998096956976928e-04 4.261833161869971507e-10 5.095238628385511747e-10 1.275993835123815159e-04
8.580844583844720930e+00 7.840334021648658958e-05 1.275003385790381605e-04 3.349485881972714640e-10 4.016875831736670269e-10 1.275000036304499537e-04
8.630733215146143777e+00 7.103109298636724103e-05 1.274008650186606842e-04 2.628753352774016646e-10 3.162351151152477038e-10 1.274006021433254151e-04
8.680621846447566625e+00 6.548823221782493252e-05 1.273013916248115929e-04 2.060210083350203911e-10 2.486162922923154133e-10 1.273011856038032614e-04
8.730510477748987697e+00 6.146171632844016797e-05 1.272019217722146186e-04 1.612364241854778630e-10 1.951852003412656353e-10 1.272017605357904228e-04
8.780399109050412321e+00 5.871622200309837083e-05 1.271024594438481233e-04 1.260099352650588677e-10 1.530248600750791964e-10 1.271023334339128625e-04
8.830287740351835168e+00 5.708836515681273897e-05 1.270030091045357460e-04 9.834140294536291947e-11 1.198049891640687609e-10 1.270029107631327997e-04
8.880176371653256240e+00 5.647801826408322236e-05 1.269035755988157500e-04 7.664044040383015841e-11 9.366678723971021872e-11 1.269034989583753368e-04
8.930065002954680864e+00 5.684122971628065198e-05 1.268041640685498982e-04 5.964438494866599030e-11 7.312976050349053202e-11 1.268041044241649540e-04
8.979953634256103712e+00 5.818617749601730238e-05 1.267047798865535829e-04 4.635228179509892165e-11 5.701649088897476250e-11 1.267047335342717882e-04
9.029842265557526559e+00 6.057234568179215988e-05 1.266054286032071094e-04 3.597183995927295023e-11 4.439199118332955168e-11 1.266053926313671549e-04
9.079730896858947631e+00 6.411248092091189797e-05 1.265061159035688314e-04 2.787688013872454794e-11 3.451489631445012613e-11 1.265060880266886923e-04
9.129619528160372255e+00 6.897614132022246317e-05 1.264068475729690803e-04 2.157325434600974138e-11 2.679824340628274156e-11 1.264068259997147212e-04
9.179508159461795103e+00 7.539210935388851952e-05 1.263076294694431313e-04 1.667159458113159854e-11 2.077800702318116931e-11 1.263076127978485523e-04
9.229396790763216174e+00 8.364363247694469033e-05 1.262084675016685845e-04 1.286555714716229949e-11 1.608789625049086545e-11 1.262084546361114405e-04
9.279285422064639022e+00 9.404394819160529070e-05 1.261093676113272380e-04 9.914482182664889433e-12 1.243919946525663335e-11 1.261093576968450524e-04
9.329174053366063646e+00 1.068684942659752152e-04 1.260103357590176159e-04 7.629594487733997775e-12 9.604691362064973600e-12 1.260103281294231228e-04
9.379062684667484717e+00 1.222065069254856667e-04 1.259113779130124422e-04 5.863039983107918556e-12 7.405803805289669344e-12 1.259113720499724625e-04
9.428951315968907565e+00 1.396932926303842855e-04 1.258125000402912587e-04 4.499188994694735136e-12 5.702414707743093947e-12 1.258124955411022599e-04
9.478839947270330413e+00 1.581399625517190604e-04 1.257137080993919547e-04 3.447748659700703436e-12 4.384733481571763391e-12 1.257137046516433035e-04
9.528728578571753260e+00 1.752551946329747507e-04 1.256150080347120110e-04 2.638316786651380318e-12 3.366862729001356574e-12 1.256150053963952270e-04
9.578617209873176108e+00 1.879030018119181352e-04 1.255164057719653945e-04 2.016082333216339139e-12 2.581697928567202063e-12 1.255164037558830522e-04
9.628505841174598956e+00 1.932507508223313452e-04 1.254179072145589647e-04 1.538436474537467542e-12 1.976893390610834036e-12 1.254179056761224858e-04
9.678394472476021804e+00 1.902957911961639169e-04 1.253195182406991717e-04 1.172305635660783887e-12 1.511676561574192349e-12 1.253195170683935381e-04
9.728283103777444651e+00 1.804367486962897441e-04 1.252212447010791010e-04 8.920559995130048368e-13 1.154336202513517876e-12 1.252212438090231136e-04
9.778171735078867499e+00 1.665295610702823882e-04 1.251230924170251379e-04 6.778496323367058779e-13 8.802449862016440474e-13 1.251230917391755158e-04
9.828060366380290347e+00 1.514205373245234817e-04 1.250250671790091442e-04 5.143569258888593708e-13 6.703052341873369062e-13 1.250250666646522224e-04
9.877948997681713195e+00 1.370908770382790818e-04 1.249271747454487884e-04 3.897497094164012016e-13 5.097291473715662579e-13 1.249271743556990867e-04
9.927837628983136042e+00 1.245727432160879966e-04 1.248294208417374015e-04 2.949150859954688417e-13 3.870830305117561824e-13 1.248294205468223218e-04
9.977726260284558890e+00 1.142286818760266352e-04 1.247318111594551118e-04 2.228425700287452502e-13 2.935395362450124343e-13 1.247318109366125341e-04
1.002761489158598174e+01 1.060564264817076720e-04 1.246343513557236088e-04 1.681470718921755304e-13 2.222935604166096318e-13 1.246343511875765370e-04
1.007750352288740459e+01 9.989936601552391979e-05 1.245370470526761851e-04 1.266981986101871304e-13 1.681066783229226550e-13 1.245370469259779998e-04
1.012739215418882743e+01 9.556336662013640974e-05 1.244399038370170088e-04 9.533262513330851579e-14 1.269523834030447992e-13 1.244399037416843857e-04
1.017728078549025028e+01 9.287163220901228596e-05 1.243429272596547437e-04 7.163126898637368243e-14 9.574025005956009332e-14 1.243429271880234848e-04
1.022716941679167313e+01 9.168479393123111316e-05 1.242461228353933082e-04 5.374693693194367024e-14 7.210179272514161473e-14 1.242461227816463707e-04
1.027705804809309420e+01 9.190244574620740287e-05 1.241494960426698236e-04 4.027121874340188365e-14 5.422447745599210694e-14 1.241494960023985976e-04
1.032694667939451882e+01 9.345354379494078684e-05 1.240530523233304553e-04 3.013185079459946592e-14 4.072325604392654857e-14 1.240530522931986067e-04
1.037683531069594167e+01 9.627726580750499419e-05 1.239567970824373704e-04 2.251369738450906608e-14 3.054129311779024516e-14 1.239567970599236683e-04
1.042672394199736274e+01 1.002923279202875981e-04 1.238607356881013370e-04 1.679800944403403300e-14 2.287336994960897622e-14 1.238607356713033320e-04
1.047661257329878737e+01 1.053513766275671884e-04 1.237648734713355739e-04 1.251580530611125593e-14 1.710687548070436132e-14 1.237648734588197609e-04
1.052650120460021022e+01 1.111796831995525418e-04 1.236692157259272997e-04 9.312145586353314223e-15 1.277641591371077349e-14 1.236692157166151414e-04
1.057638983590163129e+01 1.173077425879792874e-04 1.235737677083256260e-04 6.918798719267686782e-15 9.528953217355549479e-15 1.235737677014068169e-04
1.062627846720305591e+01 1.230286267269383468e-04 1.234785346375420821e-04 5.133358749296179566e-15 7.097071087910062689e-15 1.234785346324087101e-04
1.067616709850447698e+01 1.274360164546632385e-04 1.233835216950629032e-04 3.803316934920720467e-15 5.278504824537796932e-15 1.233835216912595762e-04
1.072605572980589983e+01 1.295974795109703314e-04 1.232887340247724854e-04 2.813930707523429389e-15 3.920491324641338561e-15 1.232887340219585470e-04
1.077594436110732445e+01 1.288478935209300645e-04 1.231941767328855418e-04 2.078998908098822202e-15 2.907822404269908785e-15 1.231941767308065299e-04
1.082583299240874553e+01 1.250651998268502397e-04 1.230998548878891252e-04 1.533857818723509103e-15 2.153738970892680084e-15 1.230998548863552772e-04
1.087572162371017015e+01 1.187400890169887179e-04 1.230057735204913175e-04 1.130071516059726319e-15 1.593001047725834370e-15 1.230057735193612535e-04
1.092561025501159300e+01 1.107792549869045609e-04 1.229119376235794615e-04 8.314128515139600711e-16 1.176621726050938900e-15 1.229119376227480410e-04
1.097549888631301407e+01 1.021797436807459712e-04 1.228183521521834603e-04 6.108260060003684542e-16 8.678715902457747911e-16 1.228183521515726208e-04
1.102538751761443869e+01 9.376886930649762299e-05 1.227250220234477778e-04 4.481344026243507505e-16 6.392516939914173460e-16 1.227250220229996499e-04
1.107527614891585976e+01 8.609870607562783061e-05 1.226319521166096193e-04 3.283137204524537113e-16 4.702037733868627122e-16 1.226319521162812958e-04
1.112516478021728261e+01 7.946498449268214347e-05 1.225391472729819907e-04 2.401926759506227756e-16 3.453807588266921844e-16 1.225391472727417857e-04
1.117505341151870724e+01 7.398024523480120911e-05 1.224466122959458380e-04 1.754771084582286482e-16 2.533424554718820415e-16 1.224466122957703598e-04
1.122494204282012831e+01 6.965006725393566868e-05 1.223543519509450600e-04 1.280180356733434584e-16 1.855733546361375016e-16 1.223543519508170428e-04
1.127483067412155116e+01 6.643123327761429507e-05 1.222623709654897610e-04 9.326352572587772517e-17 1.357441331733062754e-16 1.222623709653964926e-04
1.132471930542297578e+01 6.426956441064638425e-05 1.221706740291639488e-04 6.784884838627378214e-17 9.915721614800015066e-17 1.221706740290961048e-04
1.137460793672439685e+01 6.312227742961175065e-05 1.220792657936389239e-04 4.929048740970804746e-17 7.233115317182662149e-17 1.220792657935896469e-04
1.142449656802581970e+01 6.297051867095712413e-05 1.219881508726927552e-04 3.575804161931028239e-17 5.268952212003438341e-17 1.219881508726570037e-04
1.147438519932724432e+01 6.382630061847756168e-05 1.218973338422337936e-04 2.590444661879971160e-17 3.832842178748552074e-17 1.218973338422078948e-04
1.152427383062866539e+01 6.573624644815021282e-05 1.218068192403310698e-04 1.873979749692832346e-17 2.784296115014595861e-17 1.218068192403123267e-04
1.157416246193008824e+01 6.878277276860215333e-05 1.217166115672482573e-04 1.353771755091027860e-17 2.019796952527526535e-17 1.217166115672347183e-04
1.162405109323150931e+01 7.308139917455244868e-05 1.216267152854836795e-04 9.765983469113742691e-18 1.463180183491785017e-17 1.216267152854739081e-04
1.167393972453293394e+01 7.877028362024216651e-05 1.215371348198143010e-04 7.035200864480949176e-18 1.058487455952133711e-17 1.215371348198072672e-04
1.172382835583435678e+01 8.598439042436030369e-05 1.214478745573453300e-04 5.060891181365753023e-18 7.646653788153931142e-18 1.214478745573402749e-04
1.177371698713577786e+01 9.480219269220553960e-05 1.213589388475640760e-04 3.635527864885170488e-18 5.516389791307397226e-18 1.213589388475604439e-04
1.182360561843720248e+01 1.051504631651345087e-04 1.212703320023982256e-04 2.607942050135509132e-18 3.974076945885055529e-18 1.212703320023956235e-04
1.187349424973862533e+01 1.166617772121845032e-04 1.211820582962792008e-04 1.868178531217007413e-18 2.859008220414306561e-18 1.211820582962773305e-04
1.192338288104004818e+01 1.285170858455620530e-04 1.210941219662087557e-04 1.336376400719196703e-18 2.053961710783351850e-18 1.210941219662074140e-04
1.197327151234147102e+01 1.393816938920557113e-04 1.210065272118314016e-04 9.546170775614242456e-19 1.473557507928688952e-18 1.210065272118304529e-04
1.202316014364289387e+01 1.476067323437726161e-04 1.209192781955096912e-04 6.809568324984615069e-19 1.055697863403196161e-18 1.209192781955090135e-04
1.207304877494431672e+01 1.517742104746423813e-04 1.208323790424043002e-04 4.850650066051725798e-19 7.552835093258249357e-19 1.208323790424038123e-04
1.212293740624573957e+01 1.513414394656686490e-04 1.207458338405576875e-04 3.450406704795837323e-19 5.396077385841093550e-19 1.207458338405573487e-04
1.217282603754716064e+01 1.469021627849261067e-04 1.206596466409820643e-04 2.450928341698772784e-19 3.849852964078874565e-19 1.206596466409818203e-04
1.222271466884858526e+01 1.398499527983749699e-04 1.205738214577508331e-04 1.738524917066150264e-19 2.742887046669204661e-19 1.205738214577506569e-04
1.227260330015000811e+01 1.317547338317500718e-04 1.204883622680939299e-04 1.231462541151363145e-19 1.951504292765930697e-19 1.204883622680938079e-04
1.232249193145142918e+01 1.238973062836695250e-04 1.204032730124967709e-04 8.710668238236678303e-20 1.386528833100065659e-19 1.204032730124966896e-04
1.237238056275285381e+01 1.171208252844089306e-04 1.203185575948022761e-04 6.152784739391272297e-20 9.837530829666794297e-20 1.203185575948022084e-04
1.242226919405427665e+01 1.118984001714548159e-04 1.202342198823172839e-04 4.339922258346938090e-20 6.970133791279091553e-20 1.202342198823172433e-04
1.247215782535569772e+01 1.084709454927759470e-04 1.201502637059212149e-04 3.056906529818421363e-20 4.931669103185760274e-20 1.201502637059211878e-04
1.252204645665712235e+01 1.069727420512105767e-04 1.200666928601788562e-04 2.150167781632295503e-20 3.484532753663393414e-20 1.200666928601788291e-04
1.257193508795854342e+01 1.075216332785001040e-04 1.199835111034558156e-04 1.510262786313492266e-20 2.458628886093292642e-20 1.199835111034558020e-04
1.262182371925996627e+01 1.102776805480152142e-04 1.199007221580369566e-04 1.059309027301043363e-20 1.732364259954218159e-20 1.199007221580369431e-04
1.267171235056139089e+01 1.154784341052989975e-04 1.198183297102486022e-04 7.419639525931779044e-21 1.218942607126479306e-20 1.198183297102485887e-04
1.272160098186281196e+01 1.234519173996457598e-04 1.197363374105823503e-04 5.189588466731021294e-21 8.564955423076392954e-21 1.197363374105823503e-04
1.277148961316423481e+01 1.345928790386415747e-04 1.196547488738230910e-04 3.624707898594103291e-21 6.009865645057473426e-21 1.196547488738230910e-04
1.282137824446565944e+01 1.492601973277338690e-04 1.195735676791786638e-04 2.528151464069416313e-21 4.211164690447758732e-21 1.195735676791786638e-04
1.287126687576708051e+01 1.675111551219093660e-04 1.194927973704126178e-04 1.760853177738560111e-21 2.946710672602767082e-21 1.194927973704126178e-04
1.292115550706850335e+01 1.885590442628685796e-04 1.194124414559794798e-04 1.224709769600323052e-21 2.059067447898684813e-21 1.194124414559794798e-04
1.297104413836992798e+01 2.099555626455419785e-04 1.193325034091625970e-04 8.506153191696212991e-22 1.436816995612816809e-21 1.193325034091625970e-04
1.302093276967134905e+01 2.270282566294649072e-04 1.192529866682142021e-04 5.899608576571614476e-22 1.001221453924160609e-21 1.192529866682142021e-04
1.307082140097277190e+01 2.339270343251621906e-04 1.191738946364975798e-04 4.086045303748895282e-22 6.967173799912143511e-22 1.191738946364975798e-04
1.312071003227419475e+01 2.270135193848309369e-04 1.190952306826320107e-04 2.826006377277867021e-22 4.841511286817871822e-22 1.190952306826320107e-04
1.317059866357561759e+01 2.078930841680693071e-04 1.190169981406393823e-04 1.951789954265092534e-22 3.359719807413913664e-22 1.190169981406393823e-04
1.322048729487704044e+01 1.822620212618931361e-04 1.189392003100930509e-04 1.346117592187596735e-22 2.328214436315984985e-22 1.189392003100930509e-04
1.327037592617846329e+01 1.559590843003748968e-04 1.188618404562685716e-04 9.270921471476754176e-23 1.611167536496032488e-22 1.188618404562685716e-04
1.332026455747988614e+01 1.325185229288012884e-04 1.187849218102965312e-04 6.376065732512871447e-23 1.113412863328152563e-22 1.187849218102965312e-04
1.337015318878130898e+01 1.132006607042487990e-04 1.187084475693170191e-04 4.378976854488078245e-23 7.683685368419176335e-23 1.187084475693170191e-04
1.342004182008273183e+01 9.796001891824632733e-05 1.186324208966358615e-04 3.003187824162648557e-23 5.295179888082407333e-23 1.186324208966358615e-04
1.346993045138415468e+01 8.624423427782986591e-05 1.185568449218824943e-04 2.056753855772027471e-23 3.644094837403895034e-23 1.185568449218824943e-04
1.351981908268557575e+01 7.741480114633594520e-05 1.184817227411698288e-04 1.406604901941575024e-23 2.504358106504409028e-23 1.184817227411698288e-04
1.356970771398700037e+01 7.091351286175651180e-05 1.184070574172549172e-04 9.606206402164523378e-24 1.718703638278384406e-23 1.184070574172549172e-04
1.361959634528842322e+01 6.630643029784734658e-05 1.183328519797017858e-04 6.551212425598007612e-24 1.177886296699282248e-23 1.183328519797017858e-04
1.366948497658984429e+01 6.328069791205783421e-05 1.182591094250449602e-04 4.461505478915599316e-24 8.061271517498204697e-24 1.182591094250449602e-04
1.371937360789126892e+01 6.162836041790792114e-05 1.181858327169551311e-04 3.034108871268056139e-24 5.509364876095072104e-24 1.181858327169551311e-04
1.376926223919269177e+01 6.123045672111064640e-05 1.181130247864051186e-04 2.060491705952200839e-24 3.760082116068237587e-24 1.181130247864051186e-04
1.381915087049411284e+01 6.204565431506104225e-05 1.180406885318377339e-04 1.397335079397584230e-24 2.562659645342204682e-24 1.180406885318377339e-04
1.386903950179553746e+01 6.410415192597445407e-05 1.179688268193343048e-04 9.462812479836484944e-25 1.744143996416407258e-24 1.179688268193343048e-04
1.391892813309696031e+01 6.750613631114286137e-05 1.178974424827845569e-04 6.399261930424000764e-25 1.185418093169087427e-24 1.178974424827845569e-04
1.396881676439838138e+01 7.242299478485266981e-05 1.178265383240570228e-04 4.321450277863577373e-25 8.045602512630665335e-25 1.178265383240570228e-04
1.401870539569980600e+01 7.909758430136309027e-05 1.177561171131707394e-04 2.914198530408253423e-25 5.453099231538692333e-25 1.177561171131707394e-04
1.406859402700122708e+01 8.783587063711053070e-05 1.176861815884674864e-04 1.962450585746930622e-25 3.690846942405140476e-25 1.176861815884674864e-04
1.411848265830264992e+01 9.897459885473562148e-05 1.176167344567852728e-04 1.319679000800635051e-25 2.494631933072172022e-25 1.176167344567852728e-04
1.416837128960407455e+01 1.127974217797152369e-04 1.175477783936315786e-04 8.861920770591217037e-26 1.683777593438231981e-25 1.175477783936315786e-04
1.421825992090549562e+01 1.293593630442548209e-04 1.174793160433585076e-04 5.942612341605274834e-26 1.134908324112061806e-25 1.174793160433585076e-04
1.426814855220691847e+01 1.481878342683435722e-04 1.174113500193369239e-04 3.979393800206359542e-26 7.638967173397571449e-26 1.174113500193369239e-04
1.431803718350834309e+01 1.679095269495390111e-04 1.173438829041327297e-04 2.661009458335968007e-26 5.134596411890014489e-26 1.173438829041327297e-04
1.436792581480976416e+01 1.860555926123754790e-04 1.172769172496828852e-04 1.776911909822246031e-26 3.446480210002105323e-26 1.172769172496828852e-04
1.441781444611118701e+01 1.994957419869337542e-04 1.172104555774708330e-04 1.184882701399829133e-26 2.310165384228985404e-26 1.172104555774708330e-04
1.446770307741261163e+01 2.056880261576091325e-04 1.171445003787041715e-04 7.889959986310301264e-27 1.546351293267302512e-26 1.171445003787041715e-04
1.451759170871403271e+01 2.040184143831098407e-04 1.170790541144914066e-04 5.246434112503674939e-27 1.033644168004053103e-26 1.170790541144914066e-04
1.456748034001545733e+01 1.960391754838593887e-04 1.170141192160186231e-04 3.483723084649033795e-27 6.899724692604427936e-27 1.170141192160186231e-04
1.461736897131687840e+01 1.844383740405462692e-04 1.169496980847272935e-04 2.310005481200867700e-27 4.599284477945980127e-27 1.169496980847272935e-04
1.466725760261830125e+01 1.717711358273433565e-04 1.168857930924915449e-04 1.529580629950102043e-27 3.061586893369419822e-27 1.168857930924915449e-04
1.471714623391972587e+01 1.598036070906305348e-04 1.168224065817956975e-04 1.011397139154529220e-27 2.035170103311368799e-27 1.168224065817956975e-04
1.476703486522114694e+01 1.494828240124648050e-04 1.167595408659113823e-04 6.678225003749752240e-28 1.350991589326364922e-27 1.167595408659113823e-04
1.481692349652256979e+01 1.411763666966054450e-04 1.166971982290754723e-04 4.403422472844779513e-28 8.955758692537995751e-28 1.166971982290754723e-04
1.486681212782399442e+01 1.349220747129447273e-04 1.166353809266668209e-04 2.899410067376361309e-28 5.928569673026897015e-28 1.166353809266668209e-04
1.491670075912541549e+01 1.305994834166705320e-04 1.165740911853838276e-04 1.906421430513321211e-28 3.919180628082487724e-28 1.165740911853838276e-04
1.496658939042683834e+01 1.280240030088918750e-04 1.165133312034209045e-04 1.251751616738941749e-28 2.587250254748937074e-28 1.165133312034209045e-04
1.501647802172825941e+01 1.269881496003945971e-04 1.164531031506454734e-04 8.207433856132446120e-29 1.705608704803041827e-28 1.164531031506454734e-04
1.506636665302968403e+01 1.272716988481844896e-04 1.163934091687739310e-04 5.373863151220845981e-29 1.122840777268112155e-28 1.163934091687739310e-04
1.511625528433110688e+01 1.286357595217268882e-04 1.163342513715478051e-04 3.513628124270072323e-29 7.381672198408020388e-29 1.163342513715478051e-04
1.516614391563252795e+01 1.308111445766063207e-04 1.162756318449091782e-04 2.294113853611833521e-29 4.846063955795978590e-29 1.162756318449091782e-04
1.521603254693395257e+01 1.334896547132255647e-04 1.162175526471755967e-04 1.495767598153413503e-29 3.177030135919858950e-29 1.162175526471755967e-04
1.526592117823537542e+01 1.363264413085725122e-04 1.161600158092152100e-04 9.738750857104025783e-30 2.079942524585306264e-29 1.161600158092152100e-04
1.531580980953679649e+01 1.389600202596411710e-04 1.161030233346197279e-04 6.331875555639431285e-30 1.359812850060483462e-29 1.161030233346197279e-04
1.536569844083822112e+01 1.410514006687516779e-04 1.160465771998788284e-04 4.111037769791180202e-30 8.877787683424712844e-30 1.160465771998788284e-04
1.541558707213964396e+01 1.423349153078835600e-04 1.159906793545524231e-04 2.665388647761910374e-30 5.787995367991947314e-30 1.159906793545524231e-04
1.546547570344106504e+01 1.426644836250039780e-04 1.159353317214427073e-04 1.725677359530995841e-30 3.768334116350091316e-30 1.159353317214427073e-04
1.551536433474248966e+01 1.420367990096923735e-04 1.158805361967656127e-04 1.115703099892049692e-30 2.450013268590561802e-30 1.158805361967656127e-04
1.556525296604391073e+01 1.405810921038901356e-04 1.158262946503215151e-04 7.203236251132744304e-31 1.590688998593727895e-30 1.158262946503215151e-04
1.561514159734533536e+01 1.385196282538331866e-04 1.157726089256645187e-04 4.644047562856062397e-31 1.031335401103851869e-30 1.157726089256645187e-04
1.566503022864675820e+01 1.361144954798983804e-04 1.157194808402718634e-04 2.989892954713702053e-31 6.677476682979307179e-31 1.157194808402718634e-04
1.571491885994817927e+01 1.336180319936443133e-04 1.156669121857119482e-04 1.922226682690340456e-31 4.317403525916180862e-31 1.156669121857119482e-04
1.576480749124960390e+01 1.312377882331252862e-04 1.156149047278108246e-04 1.234080653194736087e-31 2.787601634014847268e-31 1.156149047278108246e-04
1.581469612255102675e+01 1.291183394447767093e-04 1.155634602068191500e-04 7.911748385933130344e-32 1.797366263939490023e-31 1.155634602068191500e-04
1.586458475385244782e+01 1.273365322872596270e-04 1.155125803375765798e-04 5.065139037003671801e-32 1.157284850873937698e-31 1.155125803375765798e-04
1.591447338515387244e+01 1.259051119126655173e-04 1.154622668096764033e-04 3.238174555973912323e-32 7.441179095243861518e-32 1.154622668096764033e-04
1.596436201645529351e+01 1.247808307647516502e-04 1.154125212876281069e-04 2.067279136349417104e-32 4.777943978866137387e-32 1.154125212876281069e-04
1.601425064775671814e+01 1.238752525536122623e-04 1.153633454110195700e-04 1.317916720815525375e-32 3.063642998698753556e-32 1.153633454110195700e-04
1.606413927905813921e+01 1.230682106242908167e-04 1.153147407946777849e-04 8.390093395778660774e-33 1.961702141027378840e-32 1.153147407946777849e-04
1.611402791035956028e+01 1.222245457320144974e-04 1.152667090288280854e-04 5.333786198909061900e-33 1.254370358248977581e-32 1.152667090288280854e-04
1.616391654166098490e+01 1.212140835604626215e-04 1.152192516792529143e-04 3.386057994154215599e-33 8.009701036775910606e-33 1.152192516792529143e-04
1.621380517296240953e+01 1.199330567588166460e-04 1.151723702874489383e-04 2.146560640183643065e-33 5.107456032471089798e-33 1.151723702874489383e-04
1.626369380426383060e+01 1.183231878001166971e-04 1.151260663707823326e-04 1.358882520262029346e-33 3.252301309346404109e-33 1.151260663707823326e-04
1.631358243556525522e+01 1.163837336686833419e-04 1.150803414226437811e-04 8.590345739771256258e-34 2.068115159946572580e-33 1.150803414226437811e-04
1.636347106686667630e+01 1.141729737067578458e-04 1.150351969126015255e-04 5.422872023562270442e-34 1.313277395645982898e-33 1.150351969126015255e-04
1.641335969816809737e+01 1.117987329763998471e-04 1.149906342865532886e-04 3.418519395711449659e-34 8.327910076532647943e-34 1.149906342865532886e-04
1.646324832946952199e+01 1.094010587447097717e-04 1.149466549668762874e-04 2.151972523525809100e-34 5.273675361680364086e-34 1.149466549668762874e-04
1.651313696077094306e+01 1.071322320998743848e-04 1.149032603525765414e-04 1.352774401013428058e-34 3.334944136897780637e-34 1.149032603525765414e-04
1.656302559207236769e+01 1.051390149629865764e-04 1.148604518194363107e-04 8.491883190067589501e-35 2.106015397354080835e-34 1.148604518194363107e-04
1.661291422337379231e+01 1.035499744939546952e-04 1.148182307201599614e-04 5.323198089289406510e-35 1.328104742289948049e-34 1.148182307201599614e-04
1.666280285467521338e+01 1.024682256247882165e-04 1.147765983845187881e-04 3.332201261569130924e-35 8.363747627990359294e-35 1.147765983845187881e-04
1.671269148597663445e+01 1.019680788049742481e-04 1.147355561194935325e-04 2.082954590027919398e-35 5.259776845064437904e-35 1.147355561194935325e-04
1.676258011727805908e+01 1.020932518365770097e-04 1.146951052094162375e-04 1.300224546078820489e-35 3.303174558517383968e-35 1.146951052094162375e-04
1.681246874857948015e+01 1.028543386180439523e-04 1.146552469161095399e-04 8.104885797571132686e-36 2.071541021426684786e-35 1.146552469161095399e-04
1.686235737988090477e+01 1.042238336030144782e-04 1.146159824790255166e-04 5.045049361637176466e-36 1.297338652601362127e-35 1.146159824790255166e-04
1.691224601118232940e+01 1.061280731982441894e-04 1.145773131153817104e-04 3.135984595153810799e-36 8.113551257858110869e-36 1.145773131153817104e-04
1.696213464248375047e+01 1.084370988665524151e-04 1.145392400202961144e-04 1.946580651436950509e-36 5.067181001290789675e-36 1.145392400202961144e-04
1.701202327378517509e+01 1.109558485410102810e-04 1.145017643669203784e-04 1.206593175758911192e-36 3.160237033522317834e-36 1.145017643669203784e-04
1.706191190508659616e+01 1.134229966318916512e-04 1.144648873065712833e-04 7.468601850980282729e-37 1.968206697686135526e-36 1.144648873065712833e-04
1.711180053638801724e+01 1.155258301823543687e-04 1.144286099688609257e-04 4.616445703713682312e-37 1.224107501851414485e-36 1.144286099688609257e-04
1.716168916768944186e+01 1.169379993522544684e-04 1.143929334618236512e-04 2.849483436259440755e-37 7.602671409175571299e-37 1.143929334618236512e-04
1.721157779899086293e+01 1.173790321661113023e-04 1.143578588720434890e-04 1.756363982234645588e-37 4.715314760027639027e-37 1.143578588720434890e-04
1.726146643029228755e+01 1.166811372227642555e-04 1.143233872647775068e-04 1.081067692858673540e-37 2.920471437328476350e-37 1.143233872647775068e-04
1.731135506159371218e+01 1.148379186200572583e-04 1.142895196840791795e-04 6.644789631779148598e-38 1.806313154757378468e-37 1.142895196840791795e-04
1.736124369289513325e+01 1.120120909090636268e-04 1.142562571529187219e-04 4.078491524592795637e-38 1.115657612858790064e-37 1.142562571529187219e-04
1.741113232419655432e+01 1.084976273232644356e-04 1.142236006733022023e-04 2.499815018946484913e-38 6.881238786986079452e-38 1.142236006733022023e-04
1.746102095549797539e+01 1.046540346688554511e-04 1.141915512263883242e-04 1.530051900351707325e-38 4.238382335024497858e-38 1.141915512263883242e-04
1.751090958679940002e+01 1.008404593087224883e-04 1.141601097726036636e-04 9.351783262878919091e-39 2.606942426396255090e-38 1.141601097726036636e-04
1.756079821810082464e+01 9.737052916095590934e-05 1.141292772517559818e-04 5.707851745091682791e-39 1.601255210653624319e-38 1.141292772517559818e-04
1.761068684940224571e+01 9.449416039211006870e-05 1.140990545831453695e-04 3.478891757789504162e-39 9.821718413864995297e-39 1.140990545831453695e-04
1.766057548070367034e+01 9.240103731675574944e-05 1.140694426656736971e-04 2.117381572734270005e-39 6.016060687751913509e-39 1.140694426656736971e-04
1.771046411200509141e+01 9.123635017642430759e-05 1.140404423779516524e-04 1.286907472951923343e-39 3.679889223582835955e-39 1.140404423779516524e-04
1.776035274330651248e+01 9.112065101017217028e-05 1.140120545784047487e-04 7.810619785573778147e-40 2.247786656067352782e-39 1.140120545784047487e-04
1.781024137460793710e+01 9.216873425754874003e-05 1.139842801053760123e-04 4.733840843978898272e-40 1.371112970048797046e-39 1.139842801053760123e-04
1.786013000590936173e+01 9.450485621925690098e-05 1.139571197772277887e-04 2.865047248728678606e-40 8.351975204225426474e-40 1.139571197772277887e-04
1.791001863721078280e+01 9.827245203678523831e-05 1.139305743924410425e-04 1.731569411582298081e-40 5.080459111298132757e-40 1.139305743924410425e-04
1.795990726851220742e+01 1.036355791480108321e-04 1.139046447297125558e-04 1.045052246013095227e-40 3.086132238989763620e-40 1.139046447297125558e-04
1.800979589981362849e+01 1.107664794135758711e-04 1.138793315480500805e-04 6.298339712587143976e-41 1.872077869047626156e-40 1.138793315480500805e-04
1.805968453111505312e+01 1.198088251284292486e-04 1.138546355868659998e-04 3.790566679216117051e-41 1.134047104278963349e-40 1.138546355868659998e-04
1.810957316241647419e+01 1.308003882176543748e-04 1.138305575660677647e-04 2.278096835002325636e-41 6.860189075535060138e-41 1.138305575660677647e-04
1.815946179371789526e+01 1.435371160220001176e-04 1.138070981861473126e-04 1.367194181714285360e-41 4.144182610639892760e-41 1.138070981861473126e-04
1.820935042501931989e+01 1.573773561824216318e-04 1.137842581282681433e-04 8.193664988836456283e-42 2.499997010853974067e-41 1.137842581282681433e-04
1.825923905632074451e+01 1.710451839230191619e-04 1.137620380543494117e-04 4.903612975769736061e-42 1.506044837111918727e-41 1.137620380543494117e-04
1.830912768762216558e+01 1.826027753544800809e-04 1.137404386071492221e-04 2.930516350509907053e-42 9.060123563968180372e-42 1.137404386071492221e-04
1.835901631892359021e+01 1.898310566425344458e-04 1.137194604103447504e-04 1.748888382610791396e-42 5.442872320268515446e-42 1.137194604103447504e-04
1.840890495022501128e+01 1.910636761195100123e-04 1.136991040686110524e-04 1.042245473616590145e-42 3.265276626222607549e-42 1.136991040686110524e-04
1.845879358152643235e+01 1.860236507388853347e-04 1.136793701676965646e-04 6.202516429658375006e-43 1.956183625424995190e-42 1.136793701676965646e-04
1.850868221282785697e+01 1.759749282225520095e-04 1.136602592744976296e-04 3.686004064491933574e-43 1.170299624910523718e-42 1.136602592744976296e-04
1.855857084412927804e+01 1.630499698525673328e-04 1.136417719371301621e-04 2.187427546909162664e-43 6.991692497705076944e-43 1.136417719371301621e-04
1.860845947543070267e+01 1.493428088770328531e-04 1.136239086849992409e-04 1.296288072676245280e-43 4.171241931828207176e-43 1.136239086849992409e-04
1.865834810673212729e+01 1.363634840114701671e-04 1.136066700288665735e-04 7.671130198468412312e-44 2.485113604386538093e-43 1.136066700288665735e-04
1.870823673803354836e+01 1.249534548535287783e-04 1.135900564609156022e-04 4.533223834636125592e-44 1.478512228774828478e-43 1.135900564609156022e-04
1.875812536933496943e+01 1.154484626546064218e-04 1.135740684548147814e-04 2.675130383219840456e-44 8.784183547509219268e-44 1.135740684548147814e-04
1.880801400063639406e+01 1.078837209794869382e-04 1.135587064657779532e-04 1.576422864253835917e-44 5.211655372622184268e-44 1.135587064657779532e-04
1.885790263193781513e+01 1.021503104730888507e-04 1.135439709306230581e-04 9.276635173481371445e-45 3.087790199291598554e-44 1.135439709306230581e-04
1.890779126323923975e+01 9.808992586656314775e-05 1.135298622678285261e-04 5.451276489606877090e-45 1.826912242051306052e-44 1.135298622678285261e-04
1.895767989454066083e+01 9.554317526344498202e-05 1.135163808775869722e-04 3.198865084981233446e-45 1.079407408315024358e-44 1.135163808775869722e-04
1.900756852584208545e+01 9.436889079102455009e-05 1.135035271418572924e-04 1.874492116007770472e-45 6.368701730403598674e-45 1.135035271418572924e-04
1.905745715714350652e+01 9.444664669136228164e-05 1.134913014244140353e-04 1.096885494721640353e-45 3.752444105719852798e-45 1.134913014244140353e-04
1.910734578844493115e+01 9.566937059756004040e-05 1.134797040708944703e-04 6.409570804648697919e-46 2.207879469115253387e-45 1.134797040708944703e-04
1.915723441974635222e+01 9.792946867869744513e-05 1.134687354088438665e-04 3.740129039987500414e-46 1.297281715475627199e-45 1.134687354088438665e-04
1.920712305104777684e+01 1.011003822247869412e-04 1.134583957477577220e-04 2.179386236672129382e-46 7.611864343111724011e-46 1.134583957477577220e-04
1.925701168234919791e+01 1.050158287996583352e-04 1.134486853791225172e-04 1.268153434830210133e-46 4.460110201275554641e-46 1.134486853791225172e-04
1.930690031365062254e+01 1.094510257106812574e-04 1.134396045764537016e-04 7.368844323456104947e-47 2.609744229899679084e-46 1.134396045764537016e-04
1.935678894495204361e+01 1.141133197316904744e-04 1.134311535953312156e-04 4.275795654959278123e-47 1.524923683502139447e-46 1.134311535953312156e-04
1.940667757625346823e+01 1.186519100958122424e-04 1.134233326734333851e-04 2.477561721118995239e-47 8.898075364350822171e-47 1.134233326734333851e-04
1.945656620755488930e+01 1.226942882465145896e-04 1.134161420305677265e-04 1.433580233088651220e-47 5.184917577395036741e-47 1.134161420305677265e-04
1.950645483885631037e+01 1.259076549097595062e-04 1.134095818686999083e-04 8.283416648437608990e-48 3.017070378830537122e-47 1.134095818686999083e-04
1.955634347015773500e+01 1.280688672846498123e-04 1.134036523719804363e-04 4.779549785914201956e-48 1.753181309189340380e-47 1.134036523719804363e-04
1.960623210145915962e+01 1.291157918377321427e-04 1.133983537067686142e-04 2.753939871562263849e-48 1.017339787394591648e-47 1.133983537067686142e-04
1.965612073276058069e+01 1.291571043772395957e-04 1.133936860216547835e-04 1.584571712278401482e-48 5.895260960997958852e-48 1.133936860216547835e-04
1.970600936406200532e+01 1.284368933914021996e-04 1.133896494474794322e-04 9.104567588711159904e-49 3.411440853257506102e-48 1.133896494474794322e-04
1.975589799536342639e+01 1.272714476946804627e-04 1.133862440973509628e-04 5.223922565317304380e-49 1.971380536383636803e-48 1.133862440973509628e-04
1.980578662666484746e+01 1.259837125214974816e-04 1.133834700666602741e-04 2.993119924657730632e-49 1.137629616402217137e-48 1.133834700666602741e-04
1.985567525796627208e+01 1.248538514030297214e-04 1.133813274330932436e-04 1.712543004207074623e-49 6.555851715846877364e-49 1.133813274330932436e-04
1.990556388926769316e+01 1.240911755616954726e-04 1.133798162566414610e-04 9.784729743525752470e-50 3.772725095486113050e-49 1.133798162566414610e-04
