f	k2	P	P_fit	P_n	P_s
0.0000	0.0000	1.2682e-01	2.6466e-01	9.2293e-04	2.6374e-01
0.0100	0.0039	1.2692e-01	2.6466e-01	9.2292e-04	2.6373e-01
0.0200	0.0158	1.2725e-01	2.6464e-01	9.2291e-04	2.6372e-01
0.0300	0.0355	1.2779e-01	2.6461e-01	9.2290e-04	2.6369e-01
0.0400	0.0632	1.2856e-01	2.6457e-01	9.2288e-04	2.6365e-01
0.0500	0.0987	1.2955e-01	2.6453e-01	9.2285e-04	2.6360e-01
0.0600	0.1421	1.3077e-01	2.6447e-01	9.2282e-04	2.6354e-01
0.0700	0.1934	1.3222e-01	2.6440e-01	9.2279e-04	2.6347e-01
0.0800	0.2527	1.3392e-01	2.6432e-01	9.2274e-04	2.6339e-01
0.0900	0.3198	1.3586e-01	2.6422e-01	9.2270e-04	2.6330e-01
0.1000	0.3948	1.3805e-01	2.6412e-01	9.2264e-04	2.6320e-01
0.1100	0.4777	1.4051e-01	2.6401e-01	9.2258e-04	2.6309e-01
0.1200	0.5685	1.4325e-01	2.6388e-01	9.2252e-04	2.6296e-01
0.1300	0.6672	1.4627e-01	2.6375e-01	9.2245e-04	2.6283e-01
0.1400	0.7738	1.4959e-01	2.6360e-01	9.2237e-04	2.6268e-01
0.1500	0.8883	1.5322e-01	2.6345e-01	9.2229e-04	2.6253e-01
0.1600	1.0106	1.5716e-01	2.6328e-01	9.2220e-04	2.6236e-01
0.1700	1.1409	1.6145e-01	2.6310e-01	9.2210e-04	2.6218e-01
0.1800	1.2791	1.6608e-01	2.6292e-01	9.2200e-04	2.6199e-01
0.1900	1.4252	1.7107e-01	2.6272e-01	9.2190e-04	2.6180e-01
0.2000	1.5791	1.7644e-01	2.6251e-01	9.2179e-04	2.6159e-01
0.2100	1.7410	1.8220e-01	2.6229e-01	9.2167e-04	2.6137e-01
0.2200	1.9108	1.8835e-01	2.6206e-01	9.2155e-04	2.6114e-01
0.2300	2.0884	1.9491e-01	2.6182e-01	9.2142e-04	2.6090e-01
0.2400	2.2740	2.0188e-01	2.6157e-01	9.2129e-04	2.6065e-01
0.2500	2.4674	2.0926e-01	2.6131e-01	9.2115e-04	2.6039e-01
0.2600	2.6687	2.1706e-01	2.6103e-01	9.2101e-04	2.6011e-01
0.2700	2.8780	2.2526e-01	2.6075e-01	9.2086e-04	2.5983e-01
0.2800	3.0951	2.3384e-01	2.6046e-01	9.2070e-04	2.5954e-01
0.2900	3.3201	2.4280e-01	2.6016e-01	9.2054e-04	2.5924e-01
0.3000	3.5531	2.5208e-01	2.5984e-01	9.2037e-04	2.5892e-01
0.3100	3.7939	2.6165e-01	2.5952e-01	9.2020e-04	2.5860e-01
0.3200	4.0426	2.7146e-01	2.5919e-01	9.2002e-04	2.5827e-01
0.3300	4.2992	2.8143e-01	2.5884e-01	9.1984e-04	2.5792e-01
0.3400	4.5637	2.9150e-01	2.5849e-01	9.1965e-04	2.5757e-01
0.3500	4.8361	3.0155e-01	2.5813e-01	9.1946e-04	2.5721e-01
0.3600	5.1164	3.1150e-01	2.5775e-01	9.1926e-04	2.5683e-01
0.3700	5.4046	3.2122e-01	2.5737e-01	9.1905e-04	2.5645e-01
0.3800	5.7007	3.3060e-01	2.5698e-01	9.1884e-04	2.5606e-01
0.3900	6.0047	3.3952e-01	2.5657e-01	9.1862e-04	2.5565e-01
0.4000	6.3165	3.4785e-01	2.5616e-01	9.1840e-04	2.5524e-01
0.4100	6.6363	3.5547e-01	2.5574e-01	9.1817e-04	2.5482e-01
0.4200	6.9640	3.6229e-01	2.5530e-01	9.1794e-04	2.5439e-01
0.4300	7.2996	3.6821e-01	2.5486e-01	9.1770e-04	2.5394e-01
0.4400	7.6430	3.7316e-01	2.5441e-01	9.1746e-04	2.5349e-01
0.4500	7.9944	3.7710e-01	2.5395e-01	9.1721e-04	2.5303e-01
0.4600	8.3536	3.8001e-01	2.5348e-01	9.1695e-04	2.5256e-01
0.4700	8.7208	3.8187e-01	2.5300e-01	9.1669e-04	2.5208e-01
0.4800	9.0958	3.8274e-01	2.5251e-01	9.1643e-04	2.5159e-01
0.4900	9.4788	3.8264e-01	2.5201e-01	9.1615e-04	2.5109e-01
0.5000	9.8696	3.8166e-01	2.5150e-01	9.1588e-04	2.5058e-01
0.5100	10.2683	3.7988e-01	2.5098e-01	9.1560e-04	2.5007e-01
0.5200	10.6750	3.7738e-01	2.5045e-01	9.1531e-04	2.4954e-01
0.5300	11.0895	3.7427e-01	2.4992e-01	9.1502e-04	2.4900e-01
0.5400	11.5119	3.7066e-01	2.4937e-01	9.1472e-04	2.4846e-01
0.5500	11.9422	3.6663e-01	2.4882e-01	9.1442e-04	2.4790e-01
0.5600	12.3804	3.6229e-01	2.4826e-01	9.1411e-04	2.4734e-01
0.5700	12.8265	3.5773e-01	2.4768e-01	9.1379e-04	2.4677e-01
0.5800	13.2805	3.5303e-01	2.4710e-01	9.1347e-04	2.4619e-01
0.5900	13.7424	3.4825e-01	2.4651e-01	9.1315e-04	2.4560e-01
0.6000	14.2122	3.4347e-01	2.4592e-01	9.1282e-04	2.4500e-01
0.6100	14.6899	3.3874e-01	2.4531e-01	9.1249e-04	2.4440e-01
0.6200	15.1755	3.3411e-01	2.4470e-01	9.1215e-04	2.4378e-01
0.6300	15.6690	3.2961e-01	2.4407e-01	9.1180e-04	2.4316e-01
0.6400	16.1704	3.2526e-01	2.4344e-01	9.1145e-04	2.4253e-01
0.6500	16.6796	3.2110e-01	2.4280e-01	9.1109e-04	2.4189e-01
0.6600	17.1968	3.1713e-01	2.4215e-01	9.1073e-04	2.4124e-01
0.6700	17.7219	3.1337e-01	2.4150e-01	9.1037e-04	2.4059e-01
0.6800	18.2548	3.0982e-01	2.4083e-01	9.1000e-04	2.3992e-01
0.6900	18.7957	3.0648e-01	2.4016e-01	9.0962e-04	2.3925e-01
0.7000	19.3444	3.0335e-01	2.3948e-01	9.0924e-04	2.3857e-01
0.7100	19.9011	3.0041e-01	2.3879e-01	9.0885e-04	2.3788e-01
0.7200	20.4656	2.9767e-01	2.3810e-01	9.0846e-04	2.3719e-01
0.7300	21.0380	2.9509e-01	2.3739e-01	9.0807e-04	2.3649e-01
0.7400	21.6184	2.9268e-01	2.3668e-01	9.0766e-04	2.3578e-01
0.7500	22.2066	2.9040e-01	2.3596e-01	9.0726e-04	2.3506e-01
0.7600	22.8027	2.8825e-01	2.3524e-01	9.0685e-04	2.3433e-01
0.7700	23.4068	2.8620e-01	2.3451e-01	9.0643e-04	2.3360e-01
0.7800	24.0187	2.8424e-01	2.3377e-01	9.0601e-04	2.3286e-01
0.7900	24.6385	2.8233e-01	2.3302e-01	9.0558e-04	2.3211e-01
0.8000	25.2662	2.8046e-01	2.3226e-01	9.0515e-04	2.3136e-01
0.8100	25.9018	2.7860e-01	2.3150e-01	9.0472e-04	2.3060e-01
0.8200	26.5453	2.7673e-01	2.3073e-01	9.0428e-04	2.2983e-01
0.8300	27.1967	2.7484e-01	2.2996e-01	9.0383e-04	2.2905e-01
0.8400	27.8560	2.7289e-01	2.2918e-01	9.0338e-04	2.2827e-01
0.8500	28.5232	2.7088e-01	2.2839e-01	9.0292e-04	2.2748e-01
0.8600	29.1982	2.6878e-01	2.2759e-01	9.0246e-04	2.2669e-01
0.8700	29.8812	2.6658e-01	2.2679e-01	9.0200e-04	2.2589e-01
0.8800	30.5721	2.6426e-01	2.2598e-01	9.0153e-04	2.2508e-01
0.8900	31.2709	2.6182e-01	2.2517e-01	9.0106e-04	2.2427e-01
0.9000	31.9775	2.5925e-01	2.2435e-01	9.0058e-04	2.2345e-01
0.9100	32.6921	2.5654e-01	2.2352e-01	9.0009e-04	2.2262e-01
0.9200	33.4145	2.5369e-01	2.2269e-01	8.9960e-04	2.2179e-01
0.9300	34.1449	2.5072e-01	2.2185e-01	8.9911e-04	2.2095e-01
0.9400	34.8831	2.4761e-01	2.2101e-01	8.9861e-04	2.2011e-01
0.9500	35.6293	2.4438e-01	2.2015e-01	8.9811e-04	2.1926e-01
0.9600	36.3833	2.4105e-01	2.1930e-01	8.9760e-04	2.1840e-01
0.9700	37.1452	2.3761e-01	2.1844e-01	8.9709e-04	2.1754e-01
0.9800	37.9151	2.3410e-01	2.1757e-01	8.9658e-04	2.1667e-01
0.9900	38.6928	2.3052e-01	2.1670e-01	8.9606e-04	2.1580e-01
1.0000	39.4784	2.2690e-01	2.1582e-01	8.9553e-04	2.1492e-01
1.0100	40.2719	2.2325e-01	2.1494e-01	8.9500e-04	2.1404e-01
1.0200	41.0733	2.1959e-01	2.1405e-01	8.9447e-04	2.1315e-01
1.0300	41.8827	2.1593e-01	2.1316e-01	8.9393e-04	2.1226e-01
1.0400	42.6999	2.1231e-01	2.1226e-01	8.9339e-04	2.1137e-01
1.0500	43.5250	2.0873e-01	2.1136e-01	8.9284e-04	2.1046e-01
1.0600	44.3580	2.0521e-01	2.1045e-01	8.9229e-04	2.0956e-01
1.0700	45.1988	2.0177e-01	2.0954e-01	8.9173e-04	2.0864e-01
1.0800	46.0476	1.9842e-01	2.0862e-01	8.9117e-04	2.0773e-01
1.0900	46.9043	1.9518e-01	2.0770e-01	8.9061e-04	2.0681e-01
1.1000	47.7689	1.9205e-01	2.0677e-01	8.9004e-04	2.0588e-01
1.1100	48.6414	1.8905e-01	2.0584e-01	8.8947e-04	2.0495e-01
1.1200	49.5217	1.8619e-01	2.0491e-01	8.8889e-04	2.0402e-01
1.1300	50.4100	1.8347e-01	2.0397e-01	8.8831e-04	2.0308e-01
1.1400	51.3062	1.8089e-01	2.0303e-01	8.8772e-04	2.0214e-01
1.1500	52.2102	1.7848e-01	2.0208e-01	8.8713e-04	2.0120e-01
1.1600	53.1222	1.7622e-01	2.0113e-01	8.8654e-04	2.0025e-01
1.1700	54.0420	1.7412e-01	2.0018e-01	8.8594e-04	1.9930e-01
1.1800	54.9697	1.7219e-01	1.9922e-01	8.8534e-04	1.9834e-01
1.1900	55.9054	1.7043e-01	1.9826e-01	8.8473e-04	1.9738e-01
1.2000	56.8489	1.6883e-01	1.9730e-01	8.8412e-04	1.9642e-01
1.2100	57.8004	1.6740e-01	1.9633e-01	8.8351e-04	1.9545e-01
1.2200	58.7597	1.6614e-01	1.9536e-01	8.8289e-04	1.9448e-01
1.2300	59.7269	1.6504e-01	1.9439e-01	8.8227e-04	1.9351e-01
1.2400	60.7020	1.6411e-01	1.9341e-01	8.8164e-04	1.9253e-01
1.2500	61.6850	1.6334e-01	1.9243e-01	8.8101e-04	1.9155e-01
1.2600	62.6759	1.6273e-01	1.9145e-01	8.8038e-04	1.9057e-01
1.2700	63.6747	1.6227e-01	1.9047e-01	8.7974e-04	1.8959e-01
1.2800	64.6814	1.6198e-01	1.8948e-01	8.7910e-04	1.8860e-01
1.2900	65.6960	1.6183e-01	1.8849e-01	8.7845e-04	1.8761e-01
1.3000	66.7185	1.6182e-01	1.8750e-01	8.7780e-04	1.8662e-01
1.3100	67.7489	1.6196e-01	1.8650e-01	8.7715e-04	1.8562e-01
1.3200	68.7872	1.6223e-01	1.8550e-01	8.7649e-04	1.8463e-01
1.3300	69.8334	1.6264e-01	1.8451e-01	8.7583e-04	1.8363e-01
1.3400	70.8874	1.6316e-01	1.8350e-01	8.7517e-04	1.8263e-01
1.3500	71.9494	1.6379e-01	1.8250e-01	8.7450e-04	1.8163e-01
1.3600	73.0193	1.6453e-01	1.8150e-01	8.7383e-04	1.8062e-01
1.3700	74.0970	1.6536e-01	1.8049e-01	8.7316e-04	1.7961e-01
1.3800	75.1827	1.6628e-01	1.7948e-01	8.7248e-04	1.7861e-01
1.3900	76.2763	1.6727e-01	1.7847e-01	8.7180e-04	1.7760e-01
1.4000	77.3777	1.6831e-01	1.7746e-01	8.7111e-04	1.7659e-01
1.4100	78.4870	1.6940e-01	1.7644e-01	8.7042e-04	1.7557e-01
1.4200	79.6043	1.7051e-01	1.7543e-01	8.6973e-04	1.7456e-01
1.4300	80.7294	1.7163e-01	1.7441e-01	8.6903e-04	1.7354e-01
1.4400	81.8624	1.7275e-01	1.7340e-01	8.6833e-04	1.7253e-01
1.4500	83.0034	1.7384e-01	1.7238e-01	8.6763e-04	1.7151e-01
1.4600	84.1522	1.7488e-01	1.7136e-01	8.6692e-04	1.7049e-01
1.4700	85.3089	1.7586e-01	1.7034e-01	8.6621e-04	1.6947e-01
1.4800	86.4735	1.7676e-01	1.6932e-01	8.6550e-04	1.6845e-01
1.4900	87.6460	1.7755e-01	1.6830e-01	8.6478e-04	1.6743e-01
1.5000	88.8264	1.7823e-01	1.6727e-01	8.6406e-04	1.6641e-01
1.5100	90.0147	1.7877e-01	1.6625e-01	8.6334e-04	1.6539e-01
1.5200	91.2109	1.7916e-01	1.6523e-01	8.6262e-04	1.6437e-01
1.5300	92.4150	1.7939e-01	1.6420e-01	8.6189e-04	1.6334e-01
1.5400	93.6270	1.7944e-01	1.6318e-01	8.6115e-04	1.6232e-01
1.5500	94.8469	1.7931e-01	1.6216e-01	8.6042e-04	1.6130e-01
1.5600	96.0747	1.7900e-01	1.6113e-01	8.5968e-04	1.6027e-01
1.5700	97.3104	1.7850e-01	1.6011e-01	8.5894e-04	1.5925e-01
1.5800	98.5539	1.7782e-01	1.5908e-01	8.5819e-04	1.5823e-01
1.5900	99.8054	1.7696e-01	1.5806e-01	8.5745e-04	1.5720e-01
1.6000	101.0647	1.7593e-01	1.5704e-01	8.5670e-04	1.5618e-01
1.6100	102.3320	1.7475e-01	1.5601e-01	8.5594e-04	1.5516e-01
1.6200	103.6072	1.7342e-01	1.5499e-01	8.5519e-04	1.5413e-01
1.6300	104.8902	1.7196e-01	1.5397e-01	8.5443e-04	1.5311e-01
1.6400	106.1812	1.7039e-01	1.5295e-01	8.5366e-04	1.5209e-01
1.6500	107.4800	1.6872e-01	1.5192e-01	8.5290e-04	1.5107e-01
1.6600	108.7867	1.6699e-01	1.5090e-01	8.5213e-04	1.5005e-01
1.6700	110.1014	1.6520e-01	1.4988e-01	8.5136e-04	1.4903e-01
1.6800	111.4239	1.6337e-01	1.4886e-01	8.5059e-04	1.4801e-01
1.6900	112.7543	1.6154e-01	1.4785e-01	8.4981e-04	1.4700e-01
1.7000	114.0926	1.5970e-01	1.4683e-01	8.4903e-04	1.4598e-01
1.7100	115.4388	1.5789e-01	1.4581e-01	8.4825e-04	1.4496e-01
1.7200	116.7930	1.5612e-01	1.4480e-01	8.4746e-04	1.4395e-01
1.7300	118.1550	1.5439e-01	1.4378e-01	8.4668e-04	1.4294e-01
1.7400	119.5249	1.5274e-01	1.4277e-01	8.4589e-04	1.4193e-01
1.7500	120.9027	1.5116e-01	1.4176e-01	8.4509e-04	1.4092e-01
1.7600	122.2883	1.4967e-01	1.4075e-01	8.4430e-04	1.3991e-01
1.7700	123.6819	1.4828e-01	1.3974e-01	8.4350e-04	1.3890e-01
1.7800	125.0834	1.4700e-01	1.3874e-01	8.4270e-04	1.3789e-01
1.7900	126.4928	1.4583e-01	1.3773e-01	8.4190e-04	1.3689e-01
1.8000	127.9101	1.4478e-01	1.3673e-01	8.4109e-04	1.3589e-01
1.8100	129.3352	1.4385e-01	1.3573e-01	8.4028e-04	1.3489e-01
1.8200	130.7683	1.4304e-01	1.3473e-01	8.3947e-04	1.3389e-01
1.8300	132.2093	1.4237e-01	1.3373e-01	8.3866e-04	1.3289e-01
1.8400	133.6581	1.4182e-01	1.3274e-01	8.3785e-04	1.3190e-01
1.8500	135.1149	1.4141e-01	1.3174e-01	8.3703e-04	1.3091e-01
1.8600	136.5795	1.4112e-01	1.3075e-01	8.3621e-04	1.2992e-01
1.8700	138.0521	1.4095e-01	1.2976e-01	8.3539e-04	1.2893e-01
1.8800	139.5325	1.4091e-01	1.2878e-01	8.3456e-04	1.2794e-01
1.8900	141.0209	1.4098e-01	1.2779e-01	8.3374e-04	1.2696e-01
1.9000	142.5171	1.4116e-01	1.2681e-01	8.3291e-04	1.2598e-01
1.9100	144.0212	1.4144e-01	1.2583e-01	8.3208e-04	1.2500e-01
1.9200	145.5332	1.4182e-01	1.2485e-01	8.3125e-04	1.2402e-01
1.9300	147.0532	1.4228e-01	1.2388e-01	8.3041e-04	1.2305e-01
1.9400	148.5810	1.4280e-01	1.2291e-01	8.2957e-04	1.2208e-01
1.9500	150.1167	1.4338e-01	1.2194e-01	8.2873e-04	1.2111e-01
1.9600	151.6603	1.4400e-01	1.2097e-01	8.2789e-04	1.2015e-01
1.9700	153.2118	1.4463e-01	1.2001e-01	8.2705e-04	1.1918e-01
1.9800	154.7712	1.4526e-01	1.1905e-01	8.2621e-04	1.1822e-01
1.9900	156.3385	1.4587e-01	1.1809e-01	8.2536e-04	1.1727e-01
2.0000	157.9137	1.4642e-01	1.1714e-01	8.2451e-04	1.1631e-01
2.0100	159.4968	1.4689e-01	1.1619e-01	8.2366e-04	1.1536e-01
2.0200	161.0877	1.4726e-01	1.1524e-01	8.2280e-04	1.1441e-01
2.0300	162.6866	1.4749e-01	1.1429e-01	8.2195e-04	1.1347e-01
2.0400	164.2934	1.4756e-01	1.1335e-01	8.2109e-04	1.1253e-01
2.0500	165.9080	1.4745e-01	1.1241e-01	8.2023e-04	1.1159e-01
2.0600	167.5306	1.4712e-01	1.1148e-01	8.1937e-04	1.1066e-01
2.0700	169.1611	1.4656e-01	1.1054e-01	8.1851e-04	1.0972e-01
2.0800	170.7994	1.4574e-01	1.0961e-01	8.1765e-04	1.0880e-01
2.0900	172.4457	1.4467e-01	1.0869e-01	8.1678e-04	1.0787e-01
2.1000	174.0998	1.4332e-01	1.0777e-01	8.1592e-04	1.0695e-01
2.1100	175.7619	1.4169e-01	1.0685e-01	8.1505e-04	1.0603e-01
2.1200	177.4318	1.3980e-01	1.0593e-01	8.1418e-04	1.0512e-01
2.1300	179.1096	1.3765e-01	1.0502e-01	8.1330e-04	1.0421e-01
2.1400	180.7954	1.3525e-01	1.0411e-01	8.1243e-04	1.0330e-01
2.1500	182.4890	1.3264e-01	1.0321e-01	8.1156e-04	1.0240e-01
2.1600	184.1905	1.2983e-01	1.0231e-01	8.1068e-04	1.0150e-01
2.1700	185.8999	1.2685e-01	1.0141e-01	8.0980e-04	1.0060e-01
2.1800	187.6172	1.2374e-01	1.0052e-01	8.0892e-04	9.9713e-02
2.1900	189.3424	1.2053e-01	9.9633e-02	8.0804e-04	9.8825e-02
2.2000	191.0755	1.1725e-01	9.8748e-02	8.0716e-04	9.7941e-02
2.2100	192.8165	1.1393e-01	9.7867e-02	8.0627e-04	9.7061e-02
2.2200	194.5654	1.1060e-01	9.6990e-02	8.0539e-04	9.6185e-02
2.2300	196.3222	1.0730e-01	9.6117e-02	8.0450e-04	9.5313e-02
2.2400	198.0869	1.0404e-01	9.5249e-02	8.0361e-04	9.4445e-02
2.2500	199.8595	1.0084e-01	9.4384e-02	8.0272e-04	9.3581e-02
2.2600	201.6400	9.7734e-02	9.3523e-02	8.0183e-04	9.2721e-02
2.2700	203.4283	9.4727e-02	9.2666e-02	8.0094e-04	9.1866e-02
2.2800	205.2246	9.1834e-02	9.1814e-02	8.0004e-04	9.1014e-02
2.2900	207.0288	8.9065e-02	9.0966e-02	7.9915e-04	9.0167e-02
2.3000	208.8408	8.6428e-02	9.0122e-02	7.9825e-04	8.9324e-02
2.3100	210.6608	8.3928e-02	8.9282e-02	7.9736e-04	8.8485e-02
2.3200	212.4886	8.1569e-02	8.8447e-02	7.9646e-04	8.7650e-02
2.3300	214.3244	7.9353e-02	8.7616e-02	7.9556e-04	8.6820e-02
2.3400	216.1680	7.7280e-02	8.6789e-02	7.9466e-04	8.5994e-02
2.3500	218.0196	7.5350e-02	8.5966e-02	7.9376e-04	8.5173e-02
2.3600	219.8790	7.3562e-02	8.5148e-02	7.9285e-04	8.4356e-02
2.3700	221.7463	7.1915e-02	8.4335e-02	7.9195e-04	8.3543e-02
2.3800	223.6215	7.0405e-02	8.3526e-02	7.9105e-04	8.2735e-02
2.3900	225.5047	6.9031e-02	8.2721e-02	7.9014e-04	8.1931e-02
2.4000	227.3957	6.7789e-02	8.1921e-02	7.8923e-04	8.1132e-02
2.4100	229.2946	6.6677e-02	8.1125e-02	7.8833e-04	8.0337e-02
2.4200	231.2014	6.5693e-02	8.0334e-02	7.8742e-04	7.9547e-02
2.4300	233.1161	6.4833e-02	7.9547e-02	7.8651e-04	7.8761e-02
2.4400	235.0387	6.4095e-02	7.8765e-02	7.8560e-04	7.7980e-02
2.4500	236.9692	6.3477e-02	7.7988e-02	7.8469e-04	7.7203e-02
2.4600	238.9076	6.2978e-02	7.7215e-02	7.8377e-04	7.6431e-02
2.4700	240.8539	6.2594e-02	7.6447e-02	7.8286e-04	7.5664e-02
2.4800	242.8081	6.2325e-02	7.5683e-02	7.8195e-04	7.4901e-02
2.4900	244.7701	6.2169e-02	7.4924e-02	7.8103e-04	7.4143e-02
2.5000	246.7401	6.2126e-02	7.4170e-02	7.8012e-04	7.3390e-02
2.5100	248.7180	6.2193e-02	7.3420e-02	7.7920e-04	7.2641e-02
2.5200	250.7037	6.2370e-02	7.2675e-02	7.7829e-04	7.1897e-02
2.5300	252.6974	6.2656e-02	7.1935e-02	7.7737e-04	7.1158e-02
2.5400	254.6990	6.3051e-02	7.1200e-02	7.7645e-04	7.0423e-02
2.5500	256.7084	6.3552e-02	7.0469e-02	7.7553e-04	6.9694e-02
2.5600	258.7258	6.4158e-02	6.9743e-02	7.7461e-04	6.8968e-02
2.5700	260.7510	6.4868e-02	6.9022e-02	7.7369e-04	6.8248e-02
2.5800	262.7841	6.5677e-02	6.8305e-02	7.7277e-04	6.7532e-02
2.5900	264.8252	6.6584e-02	6.7594e-02	7.7185e-04	6.6822e-02
2.6000	266.8741	6.7581e-02	6.6887e-02	7.7093e-04	6.6116e-02
2.6100	268.9309	6.8664e-02	6.6184e-02	7.7001e-04	6.5414e-02
2.6200	270.9956	6.9822e-02	6.5487e-02	7.6909e-04	6.4718e-02
2.6300	273.0683	7.1047e-02	6.4794e-02	7.6816e-04	6.4026e-02
2.6400	275.1488	7.2323e-02	6.4107e-02	7.6724e-04	6.3339e-02
2.6500	277.2372	7.3635e-02	6.3424e-02	7.6632e-04	6.2657e-02
2.6600	279.3335	7.4962e-02	6.2745e-02	7.6539e-04	6.1980e-02
2.6700	281.4377	7.6282e-02	6.2072e-02	7.6447e-04	6.1308e-02
2.6800	283.5498	7.7567e-02	6.1403e-02	7.6354e-04	6.0640e-02
2.6900	285.6698	7.8788e-02	6.0740e-02	7.6262e-04	5.9977e-02
2.7000	287.7977	7.9910e-02	6.0081e-02	7.6169e-04	5.9319e-02
2.7100	289.9334	8.0900e-02	5.9427e-02	7.6076e-04	5.8666e-02
2.7200	292.0771	8.1721e-02	5.8777e-02	7.5984e-04	5.8018e-02
2.7300	294.2287	8.2336e-02	5.8133e-02	7.5891e-04	5.7374e-02
2.7400	296.3882	8.2714e-02	5.7493e-02	7.5799e-04	5.6735e-02
2.7500	298.5555	8.2824e-02	5.6858e-02	7.5706e-04	5.6101e-02
2.7600	300.7308	8.2645e-02	5.6228e-02	7.5613e-04	5.5472e-02
2.7700	302.9140	8.2161e-02	5.5603e-02	7.5520e-04	5.4848e-02
2.7800	305.1050	8.1367e-02	5.4983e-02	7.5428e-04	5.4228e-02
2.7900	307.3040	8.0268e-02	5.4367e-02	7.5335e-04	5.3614e-02
2.8000	309.5108	7.8878e-02	5.3756e-02	7.5242e-04	5.3004e-02
2.8100	311.7255	7.7221e-02	5.3150e-02	7.5149e-04	5.2399e-02
2.8200	313.9482	7.5327e-02	5.2549e-02	7.5056e-04	5.1798e-02
2.8300	316.1787	7.3234e-02	5.1953e-02	7.4964e-04	5.1203e-02
2.8400	318.4171	7.0982e-02	5.1361e-02	7.4871e-04	5.0612e-02
2.8500	320.6634	6.8612e-02	5.0774e-02	7.4778e-04	5.0026e-02
2.8600	322.9177	6.6166e-02	5.0192e-02	7.4685e-04	4.9445e-02
2.8700	325.1798	6.3682e-02	4.9614e-02	7.4592e-04	4.8868e-02
2.8800	327.4498	6.1195e-02	4.9042e-02	7.4499e-04	4.8297e-02
2.8900	329.7277	5.8734e-02	4.8474e-02	7.4406e-04	4.7730e-02
2.9000	332.0135	5.6327e-02	4.7911e-02	7.4314e-04	4.7167e-02
2.9100	334.3072	5.3993e-02	4.7352e-02	7.4221e-04	4.6610e-02
2.9200	336.6088	5.1748e-02	4.6798e-02	7.4128e-04	4.6057e-02
2.9300	338.9183	4.9606e-02	4.6249e-02	7.4035e-04	4.5509e-02
2.9400	341.2357	4.7574e-02	4.5705e-02	7.3942e-04	4.4965e-02
2.9500	343.5609	4.5658e-02	4.5165e-02	7.3850e-04	4.4427e-02
2.9600	345.8941	4.3860e-02	4.4630e-02	7.3757e-04	4.3893e-02
2.9700	348.2352	4.2180e-02	4.4100e-02	7.3664e-04	4.3363e-02
2.9800	350.5841	4.0619e-02	4.3574e-02	7.3571e-04	4.2838e-02
2.9900	352.9410	3.9173e-02	4.3053e-02	7.3479e-04	4.2318e-02
3.0000	355.3058	3.7840e-02	4.2536e-02	7.3386e-04	4.1802e-02
3.0100	357.6784	3.6617e-02	4.2024e-02	7.3293e-04	4.1291e-02
3.0200	360.0590	3.5499e-02	4.1517e-02	7.3201e-04	4.0785e-02
3.0300	362.4474	3.4482e-02	4.1014e-02	7.3108e-04	4.0283e-02
3.0400	364.8437	3.3563e-02	4.0516e-02	7.3015e-04	3.9786e-02
3.0500	367.2480	3.2738e-02	4.0022e-02	7.2923e-04	3.9293e-02
3.0600	369.6601	3.2003e-02	3.9533e-02	7.2830e-04	3.8804e-02
3.0700	372.0801	3.1354e-02	3.9048e-02	7.2738e-04	3.8321e-02
3.0800	374.5081	3.0790e-02	3.8568e-02	7.2645e-04	3.7841e-02
3.0900	376.9439	3.0307e-02	3.8092e-02	7.2553e-04	3.7366e-02
3.1000	379.3876	2.9903e-02	3.7621e-02	7.2460e-04	3.6896e-02
3.1100	381.8392	2.9576e-02	3.7154e-02	7.2368e-04	3.6430e-02
3.1200	384.2987	2.9325e-02	3.6691e-02	7.2276e-04	3.5968e-02
3.1300	386.7661	2.9149e-02	3.6233e-02	7.2183e-04	3.5511e-02
3.1400	389.2414	2.9049e-02	3.5779e-02	7.2091e-04	3.5059e-02
3.1500	391.7246	2.9023e-02	3.5330e-02	7.1999e-04	3.4610e-02
3.1600	394.2157	2.9072e-02	3.4885e-02	7.1907e-04	3.4166e-02
3.1700	396.7147	2.9198e-02	3.4444e-02	7.1815e-04	3.3726e-02
3.1800	399.2216	2.9402e-02	3.4008e-02	7.1723e-04	3.3291e-02
3.1900	401.7363	2.9686e-02	3.3576e-02	7.1631e-04	3.2860e-02
3.2000	404.2590	3.0052e-02	3.3148e-02	7.1539e-04	3.2433e-02
3.2100	406.7896	3.0504e-02	3.2724e-02	7.1447e-04	3.2010e-02
3.2200	409.3280	3.1044e-02	3.2305e-02	7.1355e-04	3.1591e-02
3.2300	411.8744	3.1677e-02	3.1890e-02	7.1263e-04	3.1177e-02
3.2400	414.4286	3.2406e-02	3.1479e-02	7.1171e-04	3.0767e-02
3.2500	416.9908	3.3235e-02	3.1072e-02	7.1080e-04	3.0361e-02
3.2600	419.5608	3.4168e-02	3.0669e-02	7.0988e-04	2.9959e-02
3.2700	422.1388	3.5208e-02	3.0270e-02	7.0897e-04	2.9561e-02
3.2800	424.7246	3.6358e-02	2.9876e-02	7.0805e-04	2.9168e-02
3.2900	427.3183	3.7617e-02	2.9485e-02	7.0714e-04	2.8778e-02
3.3000	429.9200	3.8985e-02	2.9099e-02	7.0622e-04	2.8393e-02
3.3100	432.5295	4.0456e-02	2.8716e-02	7.0531e-04	2.8011e-02
3.3200	435.1469	4.2019e-02	2.8338e-02	7.0440e-04	2.7634e-02
3.3300	437.7722	4.3659e-02	2.7964e-02	7.0349e-04	2.7260e-02
3.3400	440.4054	4.5352e-02	2.7593e-02	7.0257e-04	2.6890e-02
3.3500	443.0465	4.7063e-02	2.7226e-02	7.0166e-04	2.6525e-02
3.3600	445.6955	4.8747e-02	2.6864e-02	7.0075e-04	2.6163e-02
3.3700	448.3524	5.0349e-02	2.6505e-02	6.9985e-04	2.5805e-02
3.3800	451.0172	5.1800e-02	2.6150e-02	6.9894e-04	2.5451e-02
3.3900	453.6899	5.3025e-02	2.5799e-02	6.9803e-04	2.5101e-02
3.4000	456.3705	5.3942e-02	2.5452e-02	6.9712e-04	2.4754e-02
3.4100	459.0590	5.4475e-02	2.5108e-02	6.9622e-04	2.4412e-02
3.4200	461.7554	5.4560e-02	2.4768e-02	6.9531e-04	2.4073e-02
3.4300	464.4596	5.4153e-02	2.4432e-02	6.9441e-04	2.3738e-02
3.4400	467.1718	5.3239e-02	2.4100e-02	6.9351e-04	2.3406e-02
3.4500	469.8919	5.1836e-02	2.3771e-02	6.9260e-04	2.3079e-02
3.4600	472.6198	4.9994e-02	2.3446e-02	6.9170e-04	2.2754e-02
3.4700	475.3557	4.7787e-02	2.3125e-02	6.9080e-04	2.2434e-02
3.4800	478.0994	4.5305e-02	2.2807e-02	6.8990e-04	2.2117e-02
3.4900	480.8511	4.2645e-02	2.2493e-02	6.8900e-04	2.1804e-02
3.5000	483.6106	3.9897e-02	2.2182e-02	6.8811e-04	2.1494e-02
3.5100	486.3781	3.7142e-02	2.1875e-02	6.8721e-04	2.1188e-02
3.5200	489.1534	3.4445e-02	2.1572e-02	6.8631e-04	2.0885e-02
3.5300	491.9366	3.1856e-02	2.1272e-02	6.8542e-04	2.0586e-02
3.5400	494.7277	2.9409e-02	2.0975e-02	6.8452e-04	2.0290e-02
3.5500	497.5268	2.7122e-02	2.0682e-02	6.8363e-04	1.9998e-02
3.5600	500.3337	2.5007e-02	2.0392e-02	6.8274e-04	1.9709e-02
3.5700	503.1485	2.3065e-02	2.0106e-02	6.8185e-04	1.9424e-02
3.5800	505.9712	2.1292e-02	1.9822e-02	6.8096e-04	1.9142e-02
3.5900	508.8018	1.9679e-02	1.9543e-02	6.8007e-04	1.8863e-02
3.6000	511.6403	1.8216e-02	1.9266e-02	6.7918e-04	1.8587e-02
3.6100	514.4867	1.6893e-02	1.8993e-02	6.7829e-04	1.8315e-02
3.6200	517.3410	1.5697e-02	1.8723e-02	6.7740e-04	1.8046e-02
3.6300	520.2032	1.4618e-02	1.8457e-02	6.7652e-04	1.7780e-02
3.6400	523.0732	1.3643e-02	1.8193e-02	6.7563e-04	1.7517e-02
3.6500	525.9512	1.2763e-02	1.7933e-02	6.7475e-04	1.7258e-02
3.6600	528.8371	1.1968e-02	1.7676e-02	6.7387e-04	1.7002e-02
3.6700	531.7309	1.1250e-02	1.7422e-02	6.7299e-04	1.6749e-02
3.6800	534.6325	1.0601e-02	1.7171e-02	6.7211e-04	1.6499e-02
3.6900	537.5421	1.0013e-02	1.6923e-02	6.7123e-04	1.6252e-02
3.7000	540.4595	9.4809e-03	1.6678e-02	6.7035e-04	1.6008e-02
3.7100	543.3849	8.9988e-03	1.6436e-02	6.6947e-04	1.5767e-02
3.7200	546.3181	8.5617e-03	1.6197e-02	6.6860e-04	1.5529e-02
3.7300	549.2593	8.1652e-03	1.5961e-02	6.6772e-04	1.5294e-02
3.7400	552.2083	7.8053e-03	1.5729e-02	6.6685e-04	1.5062e-02
3.7500	555.1652	7.4786e-03	1.5499e-02	6.6598e-04	1.4833e-02
3.7600	558.1301	7.1821e-03	1.5271e-02	6.6511e-04	1.4606e-02
3.7700	561.1028	6.9128e-03	1.5047e-02	6.6424e-04	1.4383e-02
3.7800	564.0834	6.6686e-03	1.4826e-02	6.6337e-04	1.4162e-02
3.7900	567.0719	6.4472e-03	1.4607e-02	6.6250e-04	1.3945e-02
3.8000	570.0684	6.2467e-03	1.4391e-02	6.6163e-04	1.3730e-02
3.8100	573.0727	6.0654e-03	1.4178e-02	6.6077e-04	1.3518e-02
3.8200	576.0849	5.9019e-03	1.3968e-02	6.5990e-04	1.3308e-02
3.8300	579.1050	5.7548e-03	1.3760e-02	6.5904e-04	1.3101e-02
3.8400	582.1330	5.6230e-03	1.3555e-02	6.5818e-04	1.2897e-02
3.8500	585.1688	5.5054e-03	1.3353e-02	6.5732e-04	1.2696e-02
3.8600	588.2126	5.4011e-03	1.3154e-02	6.5646e-04	1.2497e-02
3.8700	591.2643	5.3094e-03	1.2957e-02	6.5560e-04	1.2301e-02
3.8800	594.3239	5.2296e-03	1.2762e-02	6.5474e-04	1.2107e-02
3.8900	597.3914	5.1609e-03	1.2570e-02	6.5389e-04	1.1916e-02
3.9000	600.4667	5.1029e-03	1.2381e-02	6.5303e-04	1.1728e-02
3.9100	603.5500	5.0552e-03	1.2194e-02	6.5218e-04	1.1542e-02
3.9200	606.6412	5.0172e-03	1.2010e-02	6.5133e-04	1.1358e-02
3.9300	609.7402	4.9888e-03	1.1828e-02	6.5048e-04	1.1177e-02
3.9400	612.8472	4.9695e-03	1.1648e-02	6.4963e-04	1.0999e-02
3.9500	615.9620	4.9593e-03	1.1471e-02	6.4878e-04	1.0823e-02
3.9600	619.0848	4.9577e-03	1.1297e-02	6.4794e-04	1.0649e-02
3.9700	622.2154	4.9648e-03	1.1124e-02	6.4709e-04	1.0477e-02
3.9800	625.3539	4.9804e-03	1.0955e-02	6.4625e-04	1.0308e-02
3.9900	628.5004	5.0043e-03	1.0787e-02	6.4540e-04	1.0141e-02
4.0000	631.6547	5.0365e-03	1.0622e-02	6.4456e-04	9.9770e-03
4.0100	634.8169	5.0770e-03	1.0458e-02	6.4372e-04	9.8148e-03
4.0200	637.9870	5.1256e-03	1.0298e-02	6.4288e-04	9.6548e-03
4.0300	641.1650	5.1824e-03	1.0139e-02	6.4205e-04	9.4970e-03
4.0400	644.3509	5.2473e-03	9.9826e-03	6.4121e-04	9.3414e-03
4.0500	647.5447	5.3202e-03	9.8284e-03	6.4038e-04	9.1880e-03
4.0600	650.7464	5.4010e-03	9.6763e-03	6.3954e-04	9.0368e-03
4.0700	653.9560	5.4895e-03	9.5264e-03	6.3871e-04	8.8877e-03
4.0800	657.1735	5.5857e-03	9.3785e-03	6.3788e-04	8.7406e-03
4.0900	660.3989	5.6892e-03	9.2328e-03	6.3705e-04	8.5957e-03
4.1000	663.6322	5.7997e-03	9.0890e-03	6.3622e-04	8.4528e-03
4.1100	666.8734	5.9168e-03	8.9474e-03	6.3540e-04	8.3120e-03
4.1200	670.1225	6.0399e-03	8.8077e-03	6.3457e-04	8.1731e-03
4.1300	673.3794	6.1682e-03	8.6700e-03	6.3375e-04	8.0363e-03
4.1400	676.6443	6.3010e-03	8.5343e-03	6.3293e-04	7.9014e-03
4.1500	679.9170	6.4372e-03	8.4006e-03	6.3211e-04	7.7685e-03
4.1600	683.1977	6.5755e-03	8.2688e-03	6.3129e-04	7.6375e-03
4.1700	686.4863	6.7144e-03	8.1388e-03	6.3047e-04	7.5084e-03
4.1800	689.7827	6.8523e-03	8.0108e-03	6.2965e-04	7.3811e-03
4.1900	693.0870	6.9873e-03	7.8846e-03	6.2884e-04	7.2558e-03
4.2000	696.3993	7.1173e-03	7.7603e-03	6.2802e-04	7.1323e-03
4.2100	699.7194	7.2402e-03	7.6378e-03	6.2721e-04	7.0105e-03
4.2200	703.0475	7.3534e-03	7.5170e-03	6.2640e-04	6.8906e-03
4.2300	706.3834	7.4547e-03	7.3981e-03	6.2559e-04	6.7725e-03
4.2400	709.7272	7.5418e-03	7.2809e-03	6.2479e-04	6.6561e-03
4.2500	713.0789	7.6123e-03	7.1654e-03	6.2398e-04	6.5414e-03
4.2600	716.4385	7.6643e-03	7.0517e-03	6.2317e-04	6.4285e-03
4.2700	719.8060	7.6961e-03	6.9396e-03	6.2237e-04	6.3172e-03
4.2800	723.1814	7.7064e-03	6.8292e-03	6.2157e-04	6.2076e-03
4.2900	726.5647	7.6944e-03	6.7205e-03	6.2077e-04	6.0997e-03
4.3000	729.9559	7.6599e-03	6.6134e-03	6.1997e-04	5.9934e-03
4.3100	733.3550	7.6031e-03	6.5079e-03	6.1917e-04	5.8887e-03
4.3200	736.7620	7.5249e-03	6.4040e-03	6.1838e-04	5.7856e-03
4.3300	740.1769	7.4265e-03	6.3017e-03	6.1758e-04	5.6841e-03
4.3400	743.5997	7.3097e-03	6.2009e-03	6.1679e-04	5.5841e-03
4.3500	747.0304	7.1765e-03	6.1017e-03	6.1600e-04	5.4857e-03
4.3600	750.4689	7.0293e-03	6.0040e-03	6.1521e-04	5.3888e-03
4.3700	753.9154	6.8704e-03	5.9078e-03	6.1442e-04	5.2933e-03
4.3800	757.3698	6.7025e-03	5.8130e-03	6.1363e-04	5.1994e-03
4.3900	760.8320	6.5277e-03	5.7197e-03	6.1285e-04	5.1069e-03
4.4000	764.3022	6.3486e-03	5.6279e-03	6.1207e-04	5.0158e-03
4.4100	767.7802	6.1672e-03	5.5375e-03	6.1128e-04	4.9262e-03
4.4200	771.2662	5.9853e-03	5.4485e-03	6.1050e-04	4.8380e-03
4.4300	774.7600	5.8048e-03	5.3609e-03	6.0972e-04	4.7511e-03
4.4400	778.2617	5.6270e-03	5.2746e-03	6.0895e-04	4.6657e-03
4.4500	781.7714	5.4531e-03	5.1897e-03	6.0817e-04	4.5815e-03
4.4600	785.2889	5.2841e-03	5.1061e-03	6.0740e-04	4.4987e-03
4.4700	788.8143	5.1208e-03	5.0239e-03	6.0662e-04	4.4173e-03
4.4800	792.3476	4.9637e-03	4.9429e-03	6.0585e-04	4.3371e-03
4.4900	795.8888	4.8132e-03	4.8633e-03	6.0508e-04	4.2582e-03
4.5000	799.4380	4.6696e-03	4.7849e-03	6.0431e-04	4.1806e-03
4.5100	802.9950	4.5330e-03	4.7077e-03	6.0355e-04	4.1042e-03
4.5200	806.5599	4.4035e-03	4.6318e-03	6.0278e-04	4.0290e-03
4.5300	810.1327	4.2811e-03	4.5571e-03	6.0202e-04	3.9551e-03
4.5400	813.7134	4.1656e-03	4.4836e-03	6.0126e-04	3.8823e-03
4.5500	817.3019	4.0569e-03	4.4113e-03	6.0050e-04	3.8108e-03
4.5600	820.8984	3.9548e-03	4.3401e-03	5.9974e-04	3.7404e-03
4.5700	824.5028	3.8591e-03	4.2701e-03	5.9898e-04	3.6711e-03
4.5800	828.1151	3.7696e-03	4.2013e-03	5.9823e-04	3.6030e-03
4.5900	831.7352	3.6859e-03	4.1335e-03	5.9747e-04	3.5360e-03
4.6000	835.3633	3.6078e-03	4.0669e-03	5.9672e-04	3.4702e-03
4.6100	838.9993	3.5351e-03	4.0013e-03	5.9597e-04	3.4054e-03
4.6200	842.6431	3.4674e-03	3.9368e-03	5.9522e-04	3.3416e-03
4.6300	846.2949	3.4046e-03	3.8734e-03	5.9447e-04	3.2790e-03
4.6400	849.9545	3.3463e-03	3.8111e-03	5.9373e-04	3.2173e-03
4.6500	853.6221	3.2923e-03	3.7497e-03	5.9298e-04	3.1567e-03
4.6600	857.2975	3.2423e-03	3.6894e-03	5.9224e-04	3.0972e-03
4.6700	860.9809	3.1961e-03	3.6301e-03	5.9150e-04	3.0386e-03
4.6800	864.6721	3.1534e-03	3.5717e-03	5.9076e-04	2.9810e-03
4.6900	868.3712	3.1140e-03	3.5144e-03	5.9002e-04	2.9244e-03
4.7000	872.0782	3.0775e-03	3.4580e-03	5.8928e-04	2.8687e-03
4.7100	875.7932	3.0439e-03	3.4025e-03	5.8855e-04	2.8140e-03
4.7200	879.5160	3.0129e-03	3.3480e-03	5.8782e-04	2.7602e-03
4.7300	883.2467	2.9842e-03	3.2944e-03	5.8708e-04	2.7073e-03
4.7400	886.9853	2.9576e-03	3.2417e-03	5.8635e-04	2.6553e-03
4.7500	890.7318	2.9328e-03	3.1899e-03	5.8563e-04	2.6043e-03
4.7600	894.4862	2.9097e-03	3.1390e-03	5.8490e-04	2.5541e-03
4.7700	898.2485	2.8880e-03	3.0889e-03	5.8418e-04	2.5047e-03
4.7800	902.0187	2.8676e-03	3.0397e-03	5.8345e-04	2.4563e-03
4.7900	905.7968	2.8481e-03	2.9913e-03	5.8273e-04	2.4086e-03
4.8000	909.5827	2.8294e-03	2.9438e-03	5.8201e-04	2.3618e-03
4.8100	913.3766	2.8113e-03	2.8971e-03	5.8129e-04	2.3158e-03
4.8200	917.1784	2.7936e-03	2.8512e-03	5.8057e-04	2.2706e-03
4.8300	920.9881	2.7760e-03	2.8061e-03	5.7986e-04	2.2262e-03
4.8400	924.8056	2.7584e-03	2.7617e-03	5.7915e-04	2.1826e-03
4.8500	928.6311	2.7407e-03	2.7181e-03	5.7843e-04	2.1397e-03
4.8600	932.4644	2.7225e-03	2.6753e-03	5.7772e-04	2.0976e-03
4.8700	936.3057	2.7039e-03	2.6333e-03	5.7702e-04	2.0563e-03
4.8800	940.1548	2.6846e-03	2.5919e-03	5.7631e-04	2.0156e-03
4.8900	944.0119	2.6646e-03	2.5513e-03	5.7560e-04	1.9757e-03
4.9000	947.8768	2.6436e-03	2.5114e-03	5.7490e-04	1.9365e-03
4.9100	951.7496	2.6217e-03	2.4722e-03	5.7420e-04	1.8980e-03
4.9200	955.6304	2.5988e-03	2.4337e-03	5.7350e-04	1.8602e-03
4.9300	959.5190	2.5748e-03	2.3959e-03	5.7280e-04	1.8231e-03
4.9400	963.4155	2.5497e-03	2.3587e-03	5.7210e-04	1.7866e-03
4.9500	967.3199	2.5235e-03	2.3223e-03	5.7141e-04	1.7508e-03
4.9600	971.2322	2.4962e-03	2.2864e-03	5.7071e-04	1.7157e-03
4.9700	975.1524	2.4679e-03	2.2512e-03	5.7002e-04	1.6812e-03
4.9800	979.0805	2.4386e-03	2.2166e-03	5.6933e-04	1.6473e-03
4.9900	983.0165	2.4084e-03	2.1827e-03	5.6864e-04	1.6140e-03
5.0000	986.9604	2.3774e-03	2.1493e-03	5.6795e-04	1.5813e-03
5.0100	990.9122	2.3456e-03	2.1165e-03	5.6727e-04	1.5493e-03
5.0200	994.8719	2.3132e-03	2.0844e-03	5.6659e-04	1.5178e-03
5.0300	998.8395	2.2804e-03	2.0528e-03	5.6590e-04	1.4869e-03
5.0400	1002.8150	2.2472e-03	2.0218e-03	5.6522e-04	1.4566e-03
5.0500	1006.7983	2.2137e-03	1.9913e-03	5.6454e-04	1.4268e-03
5.0600	1010.7896	2.1801e-03	1.9614e-03	5.6387e-04	1.3976e-03
5.0700	1014.7888	2.1466e-03	1.9321e-03	5.6319e-04	1.3689e-03
5.0800	1018.7958	2.1132e-03	1.9033e-03	5.6252e-04	1.3408e-03
5.0900	1022.8108	2.0800e-03	1.8750e-03	5.6185e-04	1.3131e-03
5.1000	1026.8336	2.0472e-03	1.8472e-03	5.6117e-04	1.2860e-03
5.1100	1030.8644	2.0149e-03	1.8199e-03	5.6051e-04	1.2594e-03
5.1200	1034.9030	1.9831e-03	1.7932e-03	5.5984e-04	1.2333e-03
5.1300	1038.9496	1.9520e-03	1.7669e-03	5.5917e-04	1.2077e-03
5.1400	1043.0040	1.9217e-03	1.7411e-03	5.5851e-04	1.1826e-03
5.1500	1047.0663	1.8921e-03	1.7158e-03	5.5785e-04	1.1580e-03
5.1600	1051.1366	1.8634e-03	1.6910e-03	5.5719e-04	1.1338e-03
5.1700	1055.2147	1.8356e-03	1.6666e-03	5.5653e-04	1.1101e-03
5.1800	1059.3007	1.8088e-03	1.6427e-03	5.5587e-04	1.0868e-03
5.1900	1063.3946	1.7829e-03	1.6192e-03	5.5522e-04	1.0640e-03
5.2000	1067.4964	1.7581e-03	1.5962e-03	5.5456e-04	1.0416e-03
5.2100	1071.6061	1.7343e-03	1.5735e-03	5.5391e-04	1.0196e-03
5.2200	1075.7237	1.7115e-03	1.5514e-03	5.5326e-04	9.9811e-04
5.2300	1079.8492	1.6897e-03	1.5296e-03	5.5261e-04	9.7698e-04
5.2400	1083.9826	1.6690e-03	1.5082e-03	5.5196e-04	9.5627e-04
5.2500	1088.1239	1.6493e-03	1.4873e-03	5.5132e-04	9.3596e-04
5.2600	1092.2731	1.6306e-03	1.4667e-03	5.5067e-04	9.1604e-04
5.2700	1096.4301	1.6129e-03	1.4465e-03	5.5003e-04	8.9651e-04
5.2800	1100.5951	1.5961e-03	1.4268e-03	5.4939e-04	8.7736e-04
5.2900	1104.7680	1.5803e-03	1.4073e-03	5.4875e-04	8.5858e-04
5.3000	1108.9488	1.5653e-03	1.3883e-03	5.4812e-04	8.4018e-04
5.3100	1113.1374	1.5512e-03	1.3696e-03	5.4748e-04	8.2213e-04
5.3200	1117.3340	1.5378e-03	1.3513e-03	5.4685e-04	8.0443e-04
5.3300	1121.5384	1.5253e-03	1.3333e-03	5.4621e-04	7.8709e-04
5.3400	1125.7508	1.5134e-03	1.3157e-03	5.4558e-04	7.7009e-04
5.3500	1129.9710	1.5021e-03	1.2984e-03	5.4495e-04	7.5342e-04
5.3600	1134.1991	1.4915e-03	1.2814e-03	5.4433e-04	7.3709e-04
5.3700	1138.4352	1.4814e-03	1.2648e-03	5.4370e-04	7.2108e-04
5.3800	1142.6791	1.4717e-03	1.2485e-03	5.4308e-04	7.0538e-04
5.3900	1146.9309	1.4625e-03	1.2325e-03	5.4246e-04	6.9001e-04
5.4000	1151.1907	1.4535e-03	1.2168e-03	5.4184e-04	6.7494e-04
5.4100	1155.4583	1.4449e-03	1.2014e-03	5.4122e-04	6.6017e-04
5.4200	1159.7338	1.4364e-03	1.1863e-03	5.4060e-04	6.4569e-04
5.4300	1164.0172	1.4280e-03	1.1715e-03	5.3998e-04	6.3151e-04
5.4400	1168.3085	1.4197e-03	1.1570e-03	5.3937e-04	6.1762e-04
5.4500	1172.6077	1.4114e-03	1.1428e-03	5.3876e-04	6.0401e-04
5.4600	1176.9148	1.4030e-03	1.1288e-03	5.3815e-04	5.9067e-04
5.4700	1181.2298	1.3944e-03	1.1151e-03	5.3754e-04	5.7760e-04
5.4800	1185.5527	1.3856e-03	1.1017e-03	5.3693e-04	5.6480e-04
5.4900	1189.8835	1.3766e-03	1.0886e-03	5.3633e-04	5.5226e-04
5.5000	1194.2221	1.3672e-03	1.0757e-03	5.3572e-04	5.3998e-04
5.5100	1198.5687	1.3574e-03	1.0631e-03	5.3512e-04	5.2795e-04
5.5200	1202.9232	1.3472e-03	1.0507e-03	5.3452e-04	5.1616e-04
5.5300	1207.2855	1.3365e-03	1.0385e-03	5.3392e-04	5.0462e-04
5.5400	1211.6558	1.3253e-03	1.0266e-03	5.3332e-04	4.9332e-04
5.5500	1216.0340	1.3136e-03	1.0150e-03	5.3273e-04	4.8224e-04
5.5600	1220.4200	1.3014e-03	1.0035e-03	5.3213e-04	4.7140e-04
5.5700	1224.8140	1.2887e-03	9.9233e-04	5.3154e-04	4.6079e-04
5.5800	1229.2158	1.2754e-03	9.8134e-04	5.3095e-04	4.5039e-04
5.5900	1233.6255	1.2616e-03	9.7057e-04	5.3036e-04	4.4021e-04
5.6000	1238.0432	1.2473e-03	9.6002e-04	5.2977e-04	4.3024e-04
5.6100	1242.4687	1.2325e-03	9.4967e-04	5.2919e-04	4.2048e-04
5.6200	1246.9021	1.2173e-03	9.3953e-04	5.2860e-04	4.1093e-04
5.6300	1251.3435	1.2017e-03	9.2960e-04	5.2802e-04	4.0158e-04
5.6400	1255.7927	1.1858e-03	9.1986e-04	5.2744e-04	3.9242e-04
5.6500	1260.2498	1.1696e-03	9.1032e-04	5.2686e-04	3.8346e-04
5.6600	1264.7148	1.1531e-03	9.0097e-04	5.2628e-04	3.7468e-04
5.6700	1269.1877	1.1365e-03	8.9180e-04	5.2571e-04	3.6609e-04
5.6800	1273.6685	1.1197e-03	8.8282e-04	5.2513e-04	3.5769e-04
5.6900	1278.1572	1.1029e-03	8.7402e-04	5.2456e-04	3.4946e-04
5.7000	1282.6538	1.0861e-03	8.6540e-04	5.2399e-04	3.4141e-04
5.7100	1287.1583	1.0694e-03	8.5695e-04	5.2342e-04	3.3353e-04
5.7200	1291.6707	1.0528e-03	8.4867e-04	5.2285e-04	3.2581e-04
5.7300	1296.1909	1.0364e-03	8.4056e-04	5.2229e-04	3.1827e-04
5.7400	1300.7191	1.0203e-03	8.3261e-04	5.2172e-04	3.1088e-04
5.7500	1305.2552	1.0045e-03	8.2482e-04	5.2116e-04	3.0366e-04
5.7600	1309.7991	9.8897e-04	8.1719e-04	5.2060e-04	2.9659e-04
5.7700	1314.3510	9.7386e-04	8.0971e-04	5.2004e-04	2.8967e-04
5.7800	1318.9108	9.5919e-04	8.0239e-04	5.1948e-04	2.8290e-04
5.7900	1323.4784	9.4498e-04	7.9521e-04	5.1893e-04	2.7628e-04
5.8000	1328.0540	9.3126e-04	7.8818e-04	5.1837e-04	2.6981e-04
5.8100	1332.6374	9.1808e-04	7.8129e-04	5.1782e-04	2.6347e-04
5.8200	1337.2288	9.0544e-04	7.7454e-04	5.1727e-04	2.5727e-04
5.8300	1341.8280	8.9338e-04	7.6793e-04	5.1672e-04	2.5121e-04
5.8400	1346.4351	8.8190e-04	7.6145e-04	5.1617e-04	2.4528e-04
5.8500	1351.0501	8.7103e-04	7.5511e-04	5.1562e-04	2.3948e-04
5.8600	1355.6731	8.6077e-04	7.4889e-04	5.1508e-04	2.3381e-04
5.8700	1360.3039	8.5114e-04	7.4280e-04	5.1454e-04	2.2827e-04
5.8800	1364.9426	8.4213e-04	7.3684e-04	5.1399e-04	2.2284e-04
5.8900	1369.5892	8.3376e-04	7.3099e-04	5.1345e-04	2.1754e-04
5.9000	1374.2437	8.2602e-04	7.2527e-04	5.1292e-04	2.1235e-04
5.9100	1378.9061	8.1891e-04	7.1966e-04	5.1238e-04	2.0728e-04
5.9200	1383.5764	8.1244e-04	7.1417e-04	5.1184e-04	2.0232e-04
5.9300	1388.2546	8.0659e-04	7.0879e-04	5.1131e-04	1.9747e-04
5.9400	1392.9407	8.0136e-04	7.0351e-04	5.1078e-04	1.9274e-04
5.9500	1397.6347	7.9674e-04	6.9835e-04	5.1025e-04	1.8810e-04
5.9600	1402.3366	7.9273e-04	6.9329e-04	5.0972e-04	1.8357e-04
5.9700	1407.0463	7.8931e-04	6.8834e-04	5.0919e-04	1.7914e-04
5.9800	1411.7640	7.8647e-04	6.8348e-04	5.0867e-04	1.7482e-04
5.9900	1416.4896	7.8419e-04	6.7873e-04	5.0814e-04	1.7058e-04
6.0000	1421.2230	7.8247e-04	6.7407e-04	5.0762e-04	1.6645e-04
6.0100	1425.9644	7.8127e-04	6.6951e-04	5.0710e-04	1.6241e-04
6.0200	1430.7136	7.8059e-04	6.6504e-04	5.0658e-04	1.5846e-04
6.0300	1435.4708	7.8039e-04	6.6066e-04	5.0607e-04	1.5460e-04
6.0400	1440.2358	7.8066e-04	6.5638e-04	5.0555e-04	1.5083e-04
6.0500	1445.0088	7.8136e-04	6.5217e-04	5.0504e-04	1.4714e-04
6.0600	1449.7896	7.8246e-04	6.4806e-04	5.0452e-04	1.4354e-04
6.0700	1454.5783	7.8394e-04	6.4403e-04	5.0401e-04	1.4002e-04
6.0800	1459.3750	7.8575e-04	6.4008e-04	5.0350e-04	1.3658e-04
6.0900	1464.1795	7.8785e-04	6.3621e-04	5.0299e-04	1.3322e-04
6.1000	1468.9919	7.9019e-04	6.3242e-04	5.0249e-04	1.2994e-04
6.1100	1473.8122	7.9274e-04	6.2871e-04	5.0198e-04	1.2673e-04
6.1200	1478.6404	7.9543e-04	6.2508e-04	5.0148e-04	1.2360e-04
6.1300	1483.4766	7.9820e-04	6.2152e-04	5.0098e-04	1.2054e-04
6.1400	1488.3206	8.0101e-04	6.1803e-04	5.0048e-04	1.1755e-04
6.1500	1493.1724	8.0378e-04	6.1461e-04	4.9998e-04	1.1463e-04
6.1600	1498.0322	8.0644e-04	6.1126e-04	4.9948e-04	1.1178e-04
6.1700	1502.8999	8.0893e-04	6.0798e-04	4.9899e-04	1.0899e-04
6.1800	1507.7755	8.1117e-04	6.0477e-04	4.9850e-04	1.0627e-04
6.1900	1512.6590	8.1309e-04	6.0162e-04	4.9800e-04	1.0361e-04
6.2000	1517.5504	8.1462e-04	5.9853e-04	4.9751e-04	1.0102e-04
6.2100	1522.4496	8.1568e-04	5.9551e-04	4.9702e-04	9.8485e-05
6.2200	1527.3568	8.1620e-04	5.9255e-04	4.9654e-04	9.6011e-05
6.2300	1532.2719	8.1612e-04	5.8965e-04	4.9605e-04	9.3596e-05
6.2400	1537.1948	8.1538e-04	5.8680e-04	4.9557e-04	9.1237e-05
6.2500	1542.1257	8.1391e-04	5.8402e-04	4.9508e-04	8.8935e-05
6.2600	1547.0644	8.1168e-04	5.8129e-04	4.9460e-04	8.6686e-05
6.2700	1552.0111	8.0864e-04	5.7862e-04	4.9412e-04	8.4492e-05
6.2800	1556.9656	8.0477e-04	5.7600e-04	4.9365e-04	8.2349e-05
6.2900	1561.9281	8.0004e-04	5.7343e-04	4.9317e-04	8.0257e-05
6.3000	1566.8984	7.9446e-04	5.7091e-04	4.9270e-04	7.8216e-05
6.3100	1571.8766	7.8804e-04	5.6845e-04	4.9222e-04	7.6223e-05
6.3200	1576.8627	7.8079e-04	5.6603e-04	4.9175e-04	7.4278e-05
6.3300	1581.8568	7.7274e-04	5.6366e-04	4.9128e-04	7.2380e-05
6.3400	1586.8587	7.6394e-04	5.6134e-04	4.9081e-04	7.0527e-05
6.3500	1591.8685	7.5444e-04	5.5906e-04	4.9035e-04	6.8719e-05
6.3600	1596.8862	7.4429e-04	5.5683e-04	4.8988e-04	6.6954e-05
6.3700	1601.9118	7.3357e-04	5.5465e-04	4.8942e-04	6.5232e-05
6.3800	1606.9453	7.2235e-04	5.5251e-04	4.8895e-04	6.3552e-05
6.3900	1611.9867	7.1070e-04	5.5041e-04	4.8849e-04	6.1912e-05
6.4000	1617.0360	6.9871e-04	5.4835e-04	4.8803e-04	6.0313e-05
6.4100	1622.0932	6.8645e-04	5.4633e-04	4.8758e-04	5.8752e-05
6.4200	1627.1583	6.7399e-04	5.4435e-04	4.8712e-04	5.7229e-05
6.4300	1632.2312	6.6143e-04	5.4241e-04	4.8666e-04	5.5744e-05
6.4400	1637.3121	6.4882e-04	5.4051e-04	4.8621e-04	5.4295e-05
6.4500	1642.4009	6.3624e-04	5.3864e-04	4.8576e-04	5.2881e-05
6.4600	1647.4975	6.2374e-04	5.3681e-04	4.8531e-04	5.1502e-05
6.4700	1652.6021	6.1140e-04	5.3502e-04	4.8486e-04	5.0157e-05
6.4800	1657.7145	5.9925e-04	5.3326e-04	4.8441e-04	4.8845e-05
6.4900	1662.8349	5.8736e-04	5.3153e-04	4.8397e-04	4.7566e-05
6.5000	1667.9631	5.7575e-04	5.2984e-04	4.8353e-04	4.6318e-05
6.5100	1673.0993	5.6447e-04	5.2818e-04	4.8308e-04	4.5101e-05
6.5200	1678.2433	5.5354e-04	5.2656e-04	4.8264e-04	4.3914e-05
6.5300	1683.3953	5.4299e-04	5.2496e-04	4.8220e-04	4.2756e-05
6.5400	1688.5551	5.3284e-04	5.2339e-04	4.8176e-04	4.1628e-05
6.5500	1693.7228	5.2310e-04	5.2186e-04	4.8133e-04	4.0527e-05
6.5600	1698.8984	5.1380e-04	5.2035e-04	4.8089e-04	3.9454e-05
6.5700	1704.0819	5.0493e-04	5.1887e-04	4.8046e-04	3.8408e-05
6.5800	1709.2734	4.9650e-04	5.1742e-04	4.8003e-04	3.7388e-05
6.5900	1714.4727	4.8852e-04	5.1599e-04	4.7960e-04	3.6394e-05
6.6000	1719.6799	4.8099e-04	5.1459e-04	4.7917e-04	3.5425e-05
6.6100	1724.8950	4.7390e-04	5.1322e-04	4.7874e-04	3.4480e-05
6.6200	1730.1180	4.6725e-04	5.1187e-04	4.7832e-04	3.3559e-05
6.6300	1735.3489	4.6104e-04	5.1055e-04	4.7789e-04	3.2661e-05
6.6400	1740.5876	4.5526e-04	5.0925e-04	4.7747e-04	3.1786e-05
6.6500	1745.8343	4.4990e-04	5.0798e-04	4.7705e-04	3.0933e-05
6.6600	1751.0889	4.4495e-04	5.0673e-04	4.7663e-04	3.0102e-05
6.6700	1756.3514	4.4041e-04	5.0550e-04	4.7621e-04	2.9291e-05
6.6800	1761.6217	4.3627e-04	5.0429e-04	4.7579e-04	2.8502e-05
6.6900	1766.9000	4.3251e-04	5.0311e-04	4.7538e-04	2.7733e-05
6.7000	1772.1862	4.2912e-04	5.0195e-04	4.7496e-04	2.6983e-05
6.7100	1777.4802	4.2609e-04	5.0080e-04	4.7455e-04	2.6252e-05
6.7200	1782.7822	4.2341e-04	4.9968e-04	4.7414e-04	2.5541e-05
6.7300	1788.0920	4.2106e-04	4.9858e-04	4.7373e-04	2.4847e-05
6.7400	1793.4098	4.1904e-04	4.9749e-04	4.7332e-04	2.4171e-05
6.7500	1798.7354	4.1732e-04	4.9643e-04	4.7292e-04	2.3513e-05
6.7600	1804.0689	4.1589e-04	4.9538e-04	4.7251e-04	2.2872e-05
6.7700	1809.4104	4.1474e-04	4.9436e-04	4.7211e-04	2.2247e-05
6.7800	1814.7597	4.1384e-04	4.9334e-04	4.7171e-04	2.1639e-05
6.7900	1820.1169	4.1319e-04	4.9235e-04	4.7131e-04	2.1046e-05
6.8000	1825.4820	4.1275e-04	4.9138e-04	4.7091e-04	2.0469e-05
6.8100	1830.8550	4.1252e-04	4.9042e-04	4.7051e-04	1.9907e-05
6.8200	1836.2360	4.1246e-04	4.8947e-04	4.7011e-04	1.9359e-05
6.8300	1841.6248	4.1256e-04	4.8854e-04	4.6972e-04	1.8826e-05
6.8400	1847.0215	4.1279e-04	4.8763e-04	4.6932e-04	1.8306e-05
6.8500	1852.4261	4.1313e-04	4.8673e-04	4.6893e-04	1.7800e-05
6.8600	1857.8385	4.1355e-04	4.8585e-04	4.6854e-04	1.7308e-05
6.8700	1863.2589	4.1402e-04	4.8498e-04	4.6815e-04	1.6828e-05
6.8800	1868.6872	4.1452e-04	4.8413e-04	4.6777e-04	1.6361e-05
6.8900	1874.1234	4.1501e-04	4.8329e-04	4.6738e-04	1.5907e-05
6.9000	1879.5675	4.1546e-04	4.8246e-04	4.6700e-04	1.5464e-05
6.9100	1885.0194	4.1585e-04	4.8165e-04	4.6661e-04	1.5033e-05
6.9200	1890.4793	4.1613e-04	4.8085e-04	4.6623e-04	1.4613e-05
6.9300	1895.9471	4.1629e-04	4.8006e-04	4.6585e-04	1.4205e-05
6.9400	1901.4227	4.1629e-04	4.7928e-04	4.6547e-04	1.3807e-05
6.9500	1906.9063	4.1609e-04	4.7852e-04	4.6510e-04	1.3420e-05
6.9600	1912.3977	4.1568e-04	4.7776e-04	4.6472e-04	1.3044e-05
6.9700	1917.8971	4.1502e-04	4.7702e-04	4.6435e-04	1.2677e-05
6.9800	1923.4043	4.1410e-04	4.7629e-04	4.6397e-04	1.2320e-05
6.9900	1928.9194	4.1288e-04	4.7557e-04	4.6360e-04	1.1973e-05
7.0000	1934.4425	4.1136e-04	4.7487e-04	4.6323e-04	1.1635e-05
7.0100	1939.9734	4.0952e-04	4.7417e-04	4.6286e-04	1.1306e-05
7.0200	1945.5122	4.0736e-04	4.7348e-04	4.6250e-04	1.0986e-05
7.0300	1951.0589	4.0486e-04	4.7280e-04	4.6213e-04	1.0675e-05
7.0400	1956.6135	4.0203e-04	4.7214e-04	4.6177e-04	1.0372e-05
7.0500	1962.1761	3.9887e-04	4.7148e-04	4.6140e-04	1.0077e-05
7.0600	1967.7465	3.9539e-04	4.7083e-04	4.6104e-04	9.7900e-06
7.0700	1973.3248	3.9161e-04	4.7019e-04	4.6068e-04	9.5110e-06
7.0800	1978.9110	3.8754e-04	4.6956e-04	4.6032e-04	9.2395e-06
7.0900	1984.5050	3.8320e-04	4.6894e-04	4.5996e-04	8.9754e-06
7.1000	1990.1070	3.7862e-04	4.6833e-04	4.5961e-04	8.7184e-06
7.1100	1995.7169	3.7382e-04	4.6772e-04	4.5925e-04	8.4685e-06
7.1200	2001.3347	3.6884e-04	4.6713e-04	4.5890e-04	8.2254e-06
7.1300	2006.9604	3.6370e-04	4.6654e-04	4.5855e-04	7.9890e-06
7.1400	2012.5939	3.5844e-04	4.6596e-04	4.5820e-04	7.7591e-06
7.1500	2018.2354	3.5308e-04	4.6539e-04	4.5785e-04	7.5354e-06
7.1600	2023.8848	3.4767e-04	4.6482e-04	4.5750e-04	7.3179e-06
7.1700	2029.5420	3.4222e-04	4.6426e-04	4.5716e-04	7.1064e-06
7.1800	2035.2072	3.3676e-04	4.6371e-04	4.5681e-04	6.9007e-06
7.1900	2040.8802	3.3134e-04	4.6317e-04	4.5647e-04	6.7007e-06
7.2000	2046.5612	3.2597e-04	4.6263e-04	4.5613e-04	6.5063e-06
7.2100	2052.2500	3.2068e-04	4.6211e-04	4.5579e-04	6.3172e-06
7.2200	2057.9467	3.1548e-04	4.6158e-04	4.5545e-04	6.1333e-06
7.2300	2063.6514	3.1041e-04	4.6107e-04	4.5511e-04	5.9546e-06
7.2400	2069.3639	3.0548e-04	4.6056e-04	4.5478e-04	5.7808e-06
7.2500	2075.0843	3.0071e-04	4.6005e-04	4.5444e-04	5.6119e-06
7.2600	2080.8126	2.9612e-04	4.5955e-04	4.5411e-04	5.4477e-06
7.2700	2086.5489	2.9171e-04	4.5906e-04	4.5378e-04	5.2881e-06
7.2800	2092.2930	2.8749e-04	4.5858e-04	4.5344e-04	5.1329e-06
7.2900	2098.0450	2.8349e-04	4.5810e-04	4.5312e-04	4.9821e-06
7.3000	2103.8049	2.7970e-04	4.5762e-04	4.5279e-04	4.8356e-06
7.3100	2109.5727	2.7613e-04	4.5715e-04	4.5246e-04	4.6931e-06
7.3200	2115.3484	2.7280e-04	4.5669e-04	4.5214e-04	4.5547e-06
7.3300	2121.1320	2.6970e-04	4.5623e-04	4.5181e-04	4.4201e-06
7.3400	2126.9234	2.6684e-04	4.5578e-04	4.5149e-04	4.2894e-06
7.3500	2132.7228	2.6422e-04	4.5533e-04	4.5117e-04	4.1624e-06
7.3600	2138.5301	2.6185e-04	4.5489e-04	4.5085e-04	4.0389e-06
7.3700	2144.3453	2.5972e-04	4.5445e-04	4.5053e-04	3.9190e-06
7.3800	2150.1683	2.5785e-04	4.5402e-04	4.5021e-04	3.8024e-06
7.3900	2155.9993	2.5624e-04	4.5359e-04	4.4990e-04	3.6892e-06
7.4000	2161.8381	2.5487e-04	4.5316e-04	4.4958e-04	3.5792e-06
7.4100	2167.6849	2.5377e-04	4.5274e-04	4.4927e-04	3.4723e-06
7.4200	2173.5396	2.5292e-04	4.5233e-04	4.4896e-04	3.3685e-06
7.4300	2179.4021	2.5234e-04	4.5192e-04	4.4865e-04	3.2677e-06
7.4400	2185.2725	2.5202e-04	4.5151e-04	4.4834e-04	3.1697e-06
7.4500	2191.1509	2.5196e-04	4.5111e-04	4.4803e-04	3.0746e-06
7.4600	2197.0371	2.5218e-04	4.5071e-04	4.4773e-04	2.9822e-06
7.4700	2202.9312	2.5267e-04	4.5032e-04	4.4742e-04	2.8924e-06
7.4800	2208.8333	2.5343e-04	4.4993e-04	4.4712e-04	2.8053e-06
7.4900	2214.7432	2.5447e-04	4.4954e-04	4.4682e-04	2.7206e-06
7.5000	2220.6610	2.5580e-04	4.4916e-04	4.4652e-04	2.6384e-06
7.5100	2226.5867	2.5742e-04	4.4878e-04	4.4622e-04	2.5586e-06
7.5200	2232.5203	2.5932e-04	4.4840e-04	4.4592e-04	2.4811e-06
7.5300	2238.4618	2.6153e-04	4.4803e-04	4.4562e-04	2.4058e-06
7.5400	2244.4112	2.6403e-04	4.4766e-04	4.4533e-04	2.3328e-06
7.5500	2250.3685	2.6685e-04	4.4730e-04	4.4503e-04	2.2618e-06
7.5600	2256.3337	2.6998e-04	4.4694e-04	4.4474e-04	2.1929e-06
7.5700	2262.3068	2.7343e-04	4.4658e-04	4.4445e-04	2.1261e-06
7.5800	2268.2878	2.7720e-04	4.4622e-04	4.4416e-04	2.0612e-06
7.5900	2274.2766	2.8131e-04	4.4587e-04	4.4387e-04	1.9982e-06
7.6000	2280.2734	2.8575e-04	4.4552e-04	4.4359e-04	1.9370e-06
7.6100	2286.2781	2.9053e-04	4.4518e-04	4.4330e-04	1.8776e-06
7.6200	2292.2906	2.9565e-04	4.4483e-04	4.4301e-04	1.8200e-06
7.6300	2298.3111	3.0113e-04	4.4450e-04	4.4273e-04	1.7641e-06
7.6400	2304.3394	3.0694e-04	4.4416e-04	4.4245e-04	1.7098e-06
7.6500	2310.3757	3.1311e-04	4.4383e-04	4.4217e-04	1.6571e-06
7.6600	2316.4198	3.1962e-04	4.4350e-04	4.4189e-04	1.6060e-06
7.6700	2322.4719	3.2647e-04	4.4317e-04	4.4161e-04	1.5564e-06
7.6800	2328.5318	3.3366e-04	4.4284e-04	4.4134e-04	1.5083e-06
7.6900	2334.5997	3.4117e-04	4.4252e-04	4.4106e-04	1.4615e-06
7.7000	2340.6754	3.4898e-04	4.4220e-04	4.4079e-04	1.4162e-06
7.7100	2346.7590	3.5708e-04	4.4189e-04	4.4051e-04	1.3723e-06
7.7200	2352.8505	3.6545e-04	4.4157e-04	4.4024e-04	1.3296e-06
7.7300	2358.9499	3.7405e-04	4.4126e-04	4.3997e-04	1.2882e-06
7.7400	2365.0573	3.8285e-04	4.4095e-04	4.3970e-04	1.2481e-06
7.7500	2371.1725	3.9181e-04	4.4064e-04	4.3944e-04	1.2091e-06
7.7600	2377.2956	4.0088e-04	4.4034e-04	4.3917e-04	1.1713e-06
7.7700	2383.4266	4.1000e-04	4.4004e-04	4.3890e-04	1.1347e-06
7.7800	2389.5655	4.1913e-04	4.3974e-04	4.3864e-04	1.0991e-06
7.7900	2395.7122	4.2818e-04	4.3944e-04	4.3838e-04	1.0647e-06
7.8000	2401.8669	4.3710e-04	4.3915e-04	4.3812e-04	1.0312e-06
7.8100	2408.0295	4.4580e-04	4.3886e-04	4.3786e-04	9.9881e-07
7.8200	2414.2000	4.5421e-04	4.3857e-04	4.3760e-04	9.6737e-07
7.8300	2420.3784	4.6225e-04	4.3828e-04	4.3734e-04	9.3687e-07
7.8400	2426.5646	4.6984e-04	4.3799e-04	4.3709e-04	9.0730e-07
7.8500	2432.7588	4.7691e-04	4.3771e-04	4.3683e-04	8.7863e-07
7.8600	2438.9608	4.8338e-04	4.3743e-04	4.3658e-04	8.5083e-07
7.8700	2445.1708	4.8919e-04	4.3715e-04	4.3633e-04	8.2387e-07
7.8800	2451.3887	4.9428e-04	4.3687e-04	4.3608e-04	7.9774e-07
7.8900	2457.6144	4.9861e-04	4.3660e-04	4.3583e-04	7.7240e-07
7.9000	2463.8480	5.0215e-04	4.3633e-04	4.3558e-04	7.4784e-07
7.9100	2470.0896	5.0487e-04	4.3606e-04	4.3533e-04	7.2403e-07
7.9200	2476.3390	5.0677e-04	4.3579e-04	4.3509e-04	7.0095e-07
7.9300	2482.5963	5.0786e-04	4.3552e-04	4.3484e-04	6.7857e-07
7.9400	2488.8616	5.0816e-04	4.3526e-04	4.3460e-04	6.5689e-07
7.9500	2495.1347	5.0770e-04	4.3499e-04	4.3436e-04	6.3587e-07
7.9600	2501.4157	5.0653e-04	4.3473e-04	4.3412e-04	6.1550e-07
7.9700	2507.7046	5.0470e-04	4.3447e-04	4.3388e-04	5.9575e-07
7.9800	2514.0014	5.0228e-04	4.3422e-04	4.3364e-04	5.7662e-07
7.9900	2520.3061	4.9933e-04	4.3396e-04	4.3340e-04	5.5808e-07
8.0000	2526.6187	4.9592e-04	4.3371e-04	4.3317e-04	5.4011e-07
8.0100	2532.9392	4.9214e-04	4.3346e-04	4.3294e-04	5.2270e-07
8.0200	2539.2676	4.8805e-04	4.3321e-04	4.3270e-04	5.0583e-07
8.0300	2545.6039	4.8372e-04	4.3296e-04	4.3247e-04	4.8948e-07
8.0400	2551.9481	4.7924e-04	4.3271e-04	4.3224e-04	4.7364e-07
8.0500	2558.3002	4.7465e-04	4.3247e-04	4.3201e-04	4.5830e-07
8.0600	2564.6601	4.7004e-04	4.3223e-04	4.3178e-04	4.4344e-07
8.0700	2571.0280	4.6545e-04	4.3199e-04	4.3156e-04	4.2904e-07
8.0800	2577.4038	4.6094e-04	4.3175e-04	4.3133e-04	4.1509e-07
8.0900	2583.7874	4.5655e-04	4.3151e-04	4.3111e-04	4.0157e-07
8.1000	2590.1790	4.5234e-04	4.3127e-04	4.3089e-04	3.8849e-07
8.1100	2596.5784	4.4833e-04	4.3104e-04	4.3066e-04	3.7581e-07
8.1200	2602.9858	4.4457e-04	4.3081e-04	4.3044e-04	3.6353e-07
8.1300	2609.4010	4.4107e-04	4.3058e-04	4.3023e-04	3.5164e-07
8.1400	2615.8242	4.3788e-04	4.3035e-04	4.3001e-04	3.4012e-07
8.1500	2622.2552	4.3500e-04	4.3012e-04	4.2979e-04	3.2897e-07
8.1600	2628.6941	4.3246e-04	4.2989e-04	4.2958e-04	3.1817e-07
8.1700	2635.1409	4.3028e-04	4.2967e-04	4.2936e-04	3.0771e-07
8.1800	2641.5957	4.2846e-04	4.2945e-04	4.2915e-04	2.9758e-07
8.1900	2648.0583	4.2702e-04	4.2923e-04	4.2894e-04	2.8778e-07
8.2000	2654.5288	4.2597e-04	4.2901e-04	4.2873e-04	2.7829e-07
8.2100	2661.0072	4.2532e-04	4.2879e-04	4.2852e-04	2.6909e-07
8.2200	2667.4935	4.2506e-04	4.2857e-04	4.2831e-04	2.6020e-07
8.2300	2673.9877	4.2521e-04	4.2836e-04	4.2811e-04	2.5158e-07
8.2400	2680.4898	4.2577e-04	4.2814e-04	4.2790e-04	2.4324e-07
8.2500	2686.9998	4.2673e-04	4.2793e-04	4.2770e-04	2.3517e-07
8.2600	2693.5177	4.2811e-04	4.2772e-04	4.2749e-04	2.2736e-07
8.2700	2700.0435	4.2989e-04	4.2751e-04	4.2729e-04	2.1979e-07
8.2800	2706.5771	4.3209e-04	4.2730e-04	4.2709e-04	2.1247e-07
8.2900	2713.1187	4.3468e-04	4.2710e-04	4.2689e-04	2.0539e-07
8.3000	2719.6682	4.3767e-04	4.2689e-04	4.2669e-04	1.9853e-07
8.3100	2726.2256	4.4105e-04	4.2669e-04	4.2650e-04	1.9190e-07
8.3200	2732.7908	4.4481e-04	4.2649e-04	4.2630e-04	1.8547e-07
8.3300	2739.3640	4.4893e-04	4.2629e-04	4.2611e-04	1.7926e-07
8.3400	2745.9450	4.5341e-04	4.2609e-04	4.2592e-04	1.7325e-07
8.3500	2752.5340	4.5822e-04	4.2589e-04	4.2572e-04	1.6743e-07
8.3600	2759.1308	4.6335e-04	4.2570e-04	4.2553e-04	1.6180e-07
8.3700	2765.7356	4.6877e-04	4.2550e-04	4.2534e-04	1.5635e-07
8.3800	2772.3482	4.7445e-04	4.2531e-04	4.2516e-04	1.5108e-07
8.3900	2778.9687	4.8036e-04	4.2512e-04	4.2497e-04	1.4599e-07
8.4000	2785.5971	4.8645e-04	4.2493e-04	4.2478e-04	1.4106e-07
8.4100	2792.2335	4.9270e-04	4.2474e-04	4.2460e-04	1.3628e-07
8.4200	2798.8777	4.9905e-04	4.2455e-04	4.2442e-04	1.3167e-07
8.4300	2805.5298	5.0545e-04	4.2436e-04	4.2424e-04	1.2721e-07
8.4400	2812.1898	5.1185e-04	4.2418e-04	4.2405e-04	1.2289e-07
8.4500	2818.8577	5.1818e-04	4.2399e-04	4.2388e-04	1.1871e-07
8.4600	2825.5335	5.2439e-04	4.2381e-04	4.2370e-04	1.1468e-07
8.4700	2832.2172	5.3040e-04	4.2363e-04	4.2352e-04	1.1077e-07
8.4800	2838.9088	5.3614e-04	4.2345e-04	4.2334e-04	1.0699e-07
8.4900	2845.6083	5.4155e-04	4.2327e-04	4.2317e-04	1.0334e-07
8.5000	2852.3157	5.4657e-04	4.2310e-04	4.2300e-04	9.9810e-08
8.5100	2859.0310	5.5111e-04	4.2292e-04	4.2282e-04	9.6395e-08
8.5200	2865.7541	5.5512e-04	4.2275e-04	4.2265e-04	9.3093e-08
8.5300	2872.4852	5.5854e-04	4.2257e-04	4.2248e-04	8.9900e-08
8.5400	2879.2242	5.6132e-04	4.2240e-04	4.2231e-04	8.6814e-08
8.5500	2885.9710	5.6342e-04	4.2223e-04	4.2215e-04	8.3830e-08
8.5600	2892.7258	5.6481e-04	4.2206e-04	4.2198e-04	8.0945e-08
8.5700	2899.4884	5.6546e-04	4.2189e-04	4.2182e-04	7.8156e-08
8.5800	2906.2590	5.6537e-04	4.2173e-04	4.2165e-04	7.5460e-08
8.5900	2913.0374	5.6453e-04	4.2156e-04	4.2149e-04	7.2855e-08
8.6000	2919.8238	5.6297e-04	4.2140e-04	4.2133e-04	7.0336e-08
8.6100	2926.6180	5.6070e-04	4.2124e-04	4.2117e-04	6.7902e-08
8.6200	2933.4201	5.5776e-04	4.2107e-04	4.2101e-04	6.5549e-08
8.6300	2940.2302	5.5420e-04	4.2091e-04	4.2085e-04	6.3275e-08
8.6400	2947.0481	5.5007e-04	4.2076e-04	4.2069e-04	6.1078e-08
8.6500	2953.8739	5.4542e-04	4.2060e-04	4.2054e-04	5.8954e-08
8.6600	2960.7076	5.4033e-04	4.2044e-04	4.2038e-04	5.6902e-08
8.6700	2967.5492	5.3487e-04	4.2029e-04	4.2023e-04	5.4919e-08
8.6800	2974.3987	5.2909e-04	4.2013e-04	4.2008e-04	5.3003e-08
8.6900	2981.2561	5.2307e-04	4.1998e-04	4.1993e-04	5.1152e-08
8.7000	2988.1214	5.1687e-04	4.1983e-04	4.1978e-04	4.9363e-08
8.7100	2994.9946	5.1057e-04	4.1968e-04	4.1963e-04	4.7635e-08
8.7200	3001.8757	5.0422e-04	4.1953e-04	4.1948e-04	4.5966e-08
8.7300	3008.7647	4.9789e-04	4.1938e-04	4.1934e-04	4.4353e-08
8.7400	3015.6616	4.9162e-04	4.1924e-04	4.1919e-04	4.2796e-08
8.7500	3022.5663	4.8547e-04	4.1909e-04	4.1905e-04	4.1291e-08
8.7600	3029.4790	4.7947e-04	4.1895e-04	4.1891e-04	3.9837e-08
8.7700	3036.3996	4.7368e-04	4.1880e-04	4.1877e-04	3.8433e-08
8.7800	3043.3280	4.6813e-04	4.1866e-04	4.1863e-04	3.7077e-08
8.7900	3050.2644	4.6284e-04	4.1852e-04	4.1849e-04	3.5768e-08
8.8000	3057.2087	4.5784e-04	4.1838e-04	4.1835e-04	3.4503e-08
8.8100	3064.1608	4.5317e-04	4.1825e-04	4.1821e-04	3.3281e-08
8.8200	3071.1209	4.4882e-04	4.1811e-04	4.1808e-04	3.2102e-08
8.8300	3078.0888	4.4483e-04	4.1797e-04	4.1794e-04	3.0963e-08
8.8400	3085.0646	4.4121e-04	4.1784e-04	4.1781e-04	2.9863e-08
8.8500	3092.0484	4.3796e-04	4.1771e-04	4.1768e-04	2.8801e-08
8.8600	3099.0400	4.3510e-04	4.1758e-04	4.1755e-04	2.7776e-08
8.8700	3106.0395	4.3263e-04	4.1745e-04	4.1742e-04	2.6786e-08
8.8800	3113.0469	4.3055e-04	4.1732e-04	4.1729e-04	2.5831e-08
8.8900	3120.0622	4.2887e-04	4.1719e-04	4.1716e-04	2.4908e-08
8.9000	3127.0855	4.2759e-04	4.1706e-04	4.1704e-04	2.4017e-08
8.9100	3134.1166	4.2671e-04	4.1694e-04	4.1691e-04	2.3158e-08
8.9200	3141.1556	4.2623e-04	4.1681e-04	4.1679e-04	2.2328e-08
8.9300	3148.2025	4.2614e-04	4.1669e-04	4.1667e-04	2.1527e-08
8.9400	3155.2573	4.2645e-04	4.1657e-04	4.1655e-04	2.0754e-08
8.9500	3162.3199	4.2714e-04	4.1645e-04	4.1643e-04	2.0008e-08
8.9600	3169.3905	4.2820e-04	4.1633e-04	4.1631e-04	1.9288e-08
8.9700	3176.4690	4.2964e-04	4.1621e-04	4.1619e-04	1.8593e-08
8.9800	3183.5554	4.3143e-04	4.1609e-04	4.1607e-04	1.7922e-08
8.9900	3190.6497	4.3358e-04	4.1597e-04	4.1596e-04	1.7275e-08
9.0000	3197.7518	4.3605e-04	4.1586e-04	4.1584e-04	1.6650e-08
9.0100	3204.8619	4.3884e-04	4.1575e-04	4.1573e-04	1.6048e-08
9.0200	3211.9798	4.4192e-04	4.1563e-04	4.1562e-04	1.5466e-08
9.0300	3219.1057	4.4528e-04	4.1552e-04	4.1551e-04	1.4905e-08
9.0400	3226.2395	4.4888e-04	4.1541e-04	4.1540e-04	1.4364e-08
9.0500	3233.3811	4.5270e-04	4.1530e-04	4.1529e-04	1.3842e-08
9.0600	3240.5306	4.5671e-04	4.1519e-04	4.1518e-04	1.3338e-08
9.0700	3247.6881	4.6086e-04	4.1509e-04	4.1508e-04	1.2853e-08
9.0800	3254.8534	4.6512e-04	4.1498e-04	4.1497e-04	1.2384e-08
9.0900	3262.0266	4.6943e-04	4.1488e-04	4.1487e-04	1.1932e-08
9.1000	3269.2078	4.7376e-04	4.1478e-04	4.1476e-04	1.1496e-08
9.1100	3276.3968	4.7806e-04	4.1467e-04	4.1466e-04	1.1075e-08
9.1200	3283.5937	4.8225e-04	4.1457e-04	4.1456e-04	1.0670e-08
9.1300	3290.7985	4.8629e-04	4.1447e-04	4.1446e-04	1.0278e-08
9.1400	3298.0112	4.9011e-04	4.1437e-04	4.1436e-04	9.9012e-09
9.1500	3305.2318	4.9366e-04	4.1428e-04	4.1427e-04	9.5374e-09
9.1600	3312.4603	4.9687e-04	4.1418e-04	4.1417e-04	9.1866e-09
9.1700	3319.6967	4.9967e-04	4.1409e-04	4.1408e-04	8.8484e-09
9.1800	3326.9410	5.0202e-04	4.1399e-04	4.1398e-04	8.5222e-09
9.1900	3334.1932	5.0386e-04	4.1390e-04	4.1389e-04	8.2077e-09
9.2000	3341.4533	5.0514e-04	4.1381e-04	4.1380e-04	7.9046e-09
9.2100	3348.7212	5.0582e-04	4.1372e-04	4.1371e-04	7.6123e-09
9.2200	3355.9971	5.0587e-04	4.1363e-04	4.1362e-04	7.3305e-09
9.2300	3363.2809	5.0525e-04	4.1354e-04	4.1353e-04	7.0588e-09
9.2400	3370.5725	5.0397e-04	4.1345e-04	4.1345e-04	6.7970e-09
9.2500	3377.8721	5.0202e-04	4.1337e-04	4.1336e-04	6.5446e-09
9.2600	3385.1796	4.9940e-04	4.1328e-04	4.1328e-04	6.3013e-09
9.2700	3392.4949	4.9614e-04	4.1320e-04	4.1319e-04	6.0668e-09
9.2800	3399.8182	4.9226e-04	4.1312e-04	4.1311e-04	5.8408e-09
9.2900	3407.1493	4.8780e-04	4.1304e-04	4.1303e-04	5.6229e-09
9.3000	3414.4883	4.8282e-04	4.1296e-04	4.1295e-04	5.4130e-09
9.3100	3421.8353	4.7735e-04	4.1288e-04	4.1287e-04	5.2107e-09
9.3200	3429.1901	4.7147e-04	4.1280e-04	4.1280e-04	5.0158e-09
9.3300	3436.5528	4.6523e-04	4.1272e-04	4.1272e-04	4.8279e-09
9.3400	3443.9234	4.5870e-04	4.1265e-04	4.1264e-04	4.6469e-09
9.3500	3451.3020	4.5194e-04	4.1257e-04	4.1257e-04	4.4725e-09
9.3600	3458.6884	4.4501e-04	4.1250e-04	4.1250e-04	4.3045e-09
9.3700	3466.0827	4.3798e-04	4.1243e-04	4.1243e-04	4.1426e-09
9.3800	3473.4849	4.3091e-04	4.1236e-04	4.1236e-04	3.9866e-09
9.3900	3480.8950	4.2385e-04	4.1229e-04	4.1229e-04	3.8364e-09
9.4000	3488.3130	4.1685e-04	4.1222e-04	4.1222e-04	3.6917e-09
9.4100	3495.7389	4.0996e-04	4.1215e-04	4.1215e-04	3.5522e-09
9.4200	3503.1727	4.0323e-04	4.1209e-04	4.1208e-04	3.4180e-09
9.4300	3510.6143	3.9668e-04	4.1202e-04	4.1202e-04	3.2886e-09
9.4400	3518.0639	3.9036e-04	4.1196e-04	4.1196e-04	3.1640e-09
9.4500	3525.5214	3.8430e-04	4.1190e-04	4.1189e-04	3.0440e-09
9.4600	3532.9868	3.7851e-04	4.1183e-04	4.1183e-04	2.9285e-09
9.4700	3540.4600	3.7303e-04	4.1177e-04	4.1177e-04	2.8172e-09
9.4800	3547.9412	3.6786e-04	4.1171e-04	4.1171e-04	2.7100e-09
9.4900	3555.4302	3.6303e-04	4.1166e-04	4.1165e-04	2.6068e-09
9.5000	3562.9272	3.5854e-04	4.1160e-04	4.1160e-04	2.5074e-09
9.5100	3570.4320	3.5441e-04	4.1154e-04	4.1154e-04	2.4117e-09
9.5200	3577.9448	3.5065e-04	4.1149e-04	4.1149e-04	2.3196e-09
9.5300	3585.4654	3.4727e-04	4.1144e-04	4.1143e-04	2.2309e-09
9.5400	3592.9940	3.4426e-04	4.1138e-04	4.1138e-04	2.1455e-09
9.5500	3600.5304	3.4164e-04	4.1133e-04	4.1133e-04	2.0633e-09
9.5600	3608.0747	3.3940e-04	4.1128e-04	4.1128e-04	1.9842e-09
9.5700	3615.6269	3.3756e-04	4.1123e-04	4.1123e-04	1.9080e-09
9.5800	3623.1870	3.3611e-04	4.1118e-04	4.1118e-04	1.8346e-09
9.5900	3630.7551	3.3507e-04	4.1114e-04	4.1114e-04	1.7641e-09
9.6000	3638.3310	3.3442e-04	4.1109e-04	4.1109e-04	1.6961e-09
9.6100	3645.9148	3.3418e-04	4.1105e-04	4.1105e-04	1.6307e-09
9.6200	3653.5065	3.3435e-04	4.1100e-04	4.1100e-04	1.5678e-09
9.6300	3661.1061	3.3493e-04	4.1096e-04	4.1096e-04	1.5072e-09
9.6400	3668.7136	3.3592e-04	4.1092e-04	4.1092e-04	1.4489e-09
9.6500	3676.3289	3.3734e-04	4.1088e-04	4.1088e-04	1.3928e-09
9.6600	3683.9522	3.3917e-04	4.1084e-04	4.1084e-04	1.3389e-09
9.6700	3691.5834	3.4144e-04	4.1080e-04	4.1080e-04	1.2869e-09
9.6800	3699.2225	3.4414e-04	4.1077e-04	4.1077e-04	1.2370e-09
9.6900	3706.8694	3.4727e-04	4.1073e-04	4.1073e-04	1.1889e-09
9.7000	3714.5243	3.5084e-04	4.1070e-04	4.1070e-04	1.1426e-09
9.7100	3722.1871	3.5486e-04	4.1066e-04	4.1066e-04	1.0981e-09
9.7200	3729.8577	3.5932e-04	4.1063e-04	4.1063e-04	1.0553e-09
9.7300	3737.5363	3.6424e-04	4.1060e-04	4.1060e-04	1.0141e-09
9.7400	3745.2227	3.6960e-04	4.1057e-04	4.1057e-04	9.7452e-10
9.7500	3752.9171	3.7540e-04	4.1054e-04	4.1054e-04	9.3641e-10
9.7600	3760.6193	3.8165e-04	4.1051e-04	4.1051e-04	8.9975e-10
9.7700	3768.3294	3.8834e-04	4.1049e-04	4.1049e-04	8.6450e-10
9.7800	3776.0475	3.9544e-04	4.1046e-04	4.1046e-04	8.3059e-10
9.7900	3783.7734	4.0296e-04	4.1044e-04	4.1044e-04	7.9798e-10
9.8000	3791.5072	4.1087e-04	4.1041e-04	4.1041e-04	7.6662e-10
9.8100	3799.2489	4.1914e-04	4.1039e-04	4.1039e-04	7.3646e-10
9.8200	3806.9986	4.2775e-04	4.1037e-04	4.1037e-04	7.0746e-10
9.8300	3814.7561	4.3664e-04	4.1035e-04	4.1035e-04	6.7957e-10
9.8400	3822.5215	4.4577e-04	4.1033e-04	4.1033e-04	6.5276e-10
9.8500	3830.2948	4.5509e-04	4.1032e-04	4.1032e-04	6.2697e-10
9.8600	3838.0760	4.6452e-04	4.1030e-04	4.1030e-04	6.0218e-10
9.8700	3845.8651	4.7399e-04	4.1028e-04	4.1028e-04	5.7835e-10
9.8800	3853.6620	4.8341e-04	4.1027e-04	4.1027e-04	5.5544e-10
9.8900	3861.4669	4.9269e-04	4.1026e-04	4.1026e-04	5.3341e-10
9.9000	3869.2797	5.0171e-04	4.1025e-04	4.1025e-04	5.1224e-10
9.9100	3877.1004	5.1037e-04	4.1024e-04	4.1023e-04	4.9189e-10
9.9200	3884.9290	5.1855e-04	4.1023e-04	4.1023e-04	4.7232e-10
9.9300	3892.7654	5.2613e-04	4.1022e-04	4.1022e-04	4.5352e-10
9.9400	3900.6098	5.3300e-04	4.1021e-04	4.1021e-04	4.3545e-10
9.9500	3908.4620	5.3903e-04	4.1020e-04	4.1020e-04	4.1808e-10
9.9600	3916.3222	5.4413e-04	4.1020e-04	4.1020e-04	4.0138e-10
9.9700	3924.1902	5.4820e-04	4.1019e-04	4.1019e-04	3.8534e-10
9.9800	3932.0662	5.5116e-04	4.1019e-04	4.1019e-04	3.6992e-10
9.9900	3939.9500	5.5296e-04	4.1019e-04	4.1019e-04	3.5511e-10
