f_18, P_18, f_D, P_D
0.000000000000000000e+00,1.362578754087769572e-01,0.000000000000000000e+00,9.523375326582330658e+00
4.988863130142279223e-02,1.383514563677465670e-01,4.988863130142279223e-02,9.644914381736160891e+00
9.977726260284558446e-02,1.447977279235256043e-01,9.977726260284558446e-02,1.001670927936424427e+01
1.496658939042683767e-01,1.560889598683446178e-01,1.496658939042683767e-01,1.065961572050673389e+01
1.995545252056911689e-01,1.730066053360281852e-01,1.995545252056911689e-01,1.160508741183357273e+01
2.494431565071139612e-01,1.964576673781394389e-01,2.494431565071139612e-01,1.288605274633051678e+01
2.993317878085367534e-01,2.269736065307553230e-01,2.993317878085367534e-01,1.451444853272444035e+01
3.492204191099596011e-01,2.635356145129784111e-01,3.492204191099596011e-01,1.643544876735126792e+01
3.991090504113823378e-01,3.016341274973999287e-01,3.991090504113823378e-01,1.845730914076158413e+01
4.489976817128051301e-01,3.319809569802240068e-01,4.489976817128051301e-01,2.019789828379138541e+01
4.988863130142279223e-01,3.435439225577807676e-01,4.988863130142279223e-01,2.115659895984310523e+01
5.487749443156507700e-01,3.315959435634191488e-01,5.487749443156507700e-01,2.098034871544993152e+01
5.986635756170735068e-01,3.020252893856936738e-01,5.986635756170735068e-01,1.972861261094783103e+01
6.485522069184963545e-01,2.657511123447112711e-01,6.485522069184963545e-01,1.782381964085038817e+01
6.984408382199192022e-01,2.312327490149429232e-01,6.984408382199192022e-01,1.575090632502443100e+01
7.483294695213419390e-01,2.023420872697297423e-01,7.483294695213419390e-01,1.383719268313701001e+01
7.982181008227646757e-01,1.798281976506523050e-01,7.982181008227646757e-01,1.222589928483253097e+01
8.481067321241875234e-01,1.630661507415253619e-01,8.481067321241875234e-01,1.094154706258282772e+01
8.979953634256102601e-01,1.510489565789123467e-01,8.979953634256102601e-01,9.954271580734694425e+00
9.478839947270329969e-01,1.427799446039664799e-01,9.478839947270329969e-01,9.217383182291525756e+00
9.977726260284558446e-01,1.373647620855736606e-01,9.977726260284558446e-01,8.683785543974030574e+00
1.047661257329878692e+00,1.339846956554265611e-01,1.047661257329878692e+00,8.310917601363652096e+00
1.097549888631301540e+00,1.318413040091968025e-01,1.097549888631301540e+00,8.060572645154362448e+00
1.147438519932724388e+00,1.301236365693073660e-01,1.147438519932724388e+00,7.896942658020638994e+00
1.197327151234147014e+00,1.280358980083028397e-01,1.197327151234147014e+00,7.784705612489741355e+00
1.247215782535569861e+00,1.249028294592139515e-01,1.247215782535569861e+00,7.688416216504466050e+00
1.297104413836992709e+00,1.203220267933751697e-01,1.297104413836992709e+00,7.574149475784460073e+00
1.346993045138415557e+00,1.142768648696295686e-01,1.346993045138415557e+00,7.413606000224293169e+00
1.396881676439838404e+00,1.071220656783447855e-01,1.396881676439838404e+00,7.189455314651999274e+00
1.446770307741261030e+00,9.943457380680134627e-02,1.446770307741261030e+00,6.899271471308280113e+00
1.496658939042683878e+00,9.181544709422508055e-02,1.496658939042683878e+00,6.555464271422982492e+00
1.546547570344106726e+00,8.474276032776517642e-02,1.546547570344106726e+00,6.180727285363391665e+00
1.596436201645529351e+00,7.851559436012425786e-02,1.596436201645529351e+00,5.801172664559780756e+00
1.646324832946952199e+00,7.326830160769320921e-02,1.646324832946952199e+00,5.440252026622143688e+00
1.696213464248375047e+00,6.901452008174049912e-02,1.696213464248375047e+00,5.115351231047306158e+00
1.746102095549797673e+00,6.569110312086236247e-02,1.746102095549797673e+00,4.837094018221867131e+00
1.795990726851220520e+00,6.318913913157599149e-02,1.795990726851220520e+00,4.610311930322043672e+00
1.845879358152643368e+00,6.137065921662178403e-02,1.845879358152643368e+00,4.435550322010462843e+00
1.895767989454065994e+00,6.007486359268787018e-02,1.895767989454065994e+00,4.310377984399735851e+00
1.945656620755488841e+00,5.911967525140324892e-02,1.945656620755488841e+00,4.230189007822373171e+00
1.995545252056911689e+00,5.830526404566436366e-02,1.995545252056911689e+00,4.188462491564432177e+00
2.045433883358334537e+00,5.742599334085091850e-02,2.045433883358334537e+00,4.176606891279878830e+00
2.095322514659757385e+00,5.629449060362296670e-02,2.095322514659757385e+00,4.183643517643546694e+00
2.145211145961180232e+00,5.477485781443118540e-02,2.145211145961180232e+00,4.196126338027293734e+00
2.195099777262603080e+00,5.281337343320460787e-02,2.195099777262603080e+00,4.198808760821253649e+00
2.244988408564025928e+00,5.045100347014280090e-02,2.244988408564025928e+00,4.176485437979003734e+00
2.294877039865448776e+00,4.780873974391137982e-02,2.294877039865448776e+00,4.116953958098429567e+00
2.344765671166871179e+00,4.505133166026082520e-02,2.344765671166871179e+00,4.014204051354042235e+00
2.394654302468294027e+00,4.234589732432279818e-02,2.394654302468294027e+00,3.870316640756459758e+00
2.444542933769716875e+00,3.983106066247987104e-02,2.444542933769716875e+00,3.694901911240124459e+00
2.494431565071139723e+00,3.760288150636120763e-02,2.494431565071139723e+00,3.502238324370415601e+00
2.544320196372562570e+00,3.571473616380890781e-02,2.544320196372562570e+00,3.307539791605187407e+00
2.594208827673985418e+00,3.418448186163933200e-02,2.594208827673985418e+00,3.123948481779256436e+00
2.644097458975407822e+00,3.300296947707436618e-02,2.644097458975407822e+00,2.961031030362631711e+00
2.693986090276831113e+00,3.214041952233381849e-02,2.693986090276831113e+00,2.824621215611985647e+00
2.743874721578253517e+00,3.154942920598334533e-02,2.743874721578253517e+00,2.717404113488605333e+00
2.793763352879676809e+00,3.116496948329596992e-02,2.793763352879676809e+00,2.639662368934798664e+00
2.843651984181099213e+00,3.090297533007030709e-02,2.843651984181099213e+00,2.589824280596952910e+00
2.893540615482522060e+00,3.066037726964537108e-02,2.893540615482522060e+00,2.564661793135453394e+00
2.943429246783944464e+00,3.032045154200748230e-02,2.943429246783944464e+00,2.559134123905580260e+00
2.993317878085367756e+00,2.976700584380679790e-02,2.993317878085367756e+00,2.566002073423701457e+00
3.043206509386790160e+00,2.890746677103769868e-02,3.043206509386790160e+00,2.575508563435514819e+00
3.093095140688213451e+00,2.769830651928056886e-02,3.093095140688213451e+00,2.575631441706290214e+00
3.142983771989635855e+00,2.616058202094543456e-02,3.142983771989635855e+00,2.553507021204188820e+00
3.192872403291058703e+00,2.437532015606336602e-02,3.192872403291058703e+00,2.498265187141518240e+00
3.242761034592481995e+00,2.245937512446701673e-02,3.242761034592481995e+00,2.404520162824057561e+00
3.292649665893904398e+00,2.053375241564676240e-02,3.292649665893904398e+00,2.274697859215432327e+00
3.342538297195327246e+00,1.869849905860191883e-02,3.342538297195327246e+00,2.118520932660970857e+00
3.392426928496750094e+00,1.702113702346682092e-02,3.392426928496750094e+00,1.949731598229739848e+00
3.442315559798172941e+00,1.553713582774970091e-02,3.442315559798172941e+00,1.781964800943925953e+00
3.492204191099595345e+00,1.425693319633205940e-02,3.492204191099595345e+00,1.625825060214183937e+00
3.542092822401018637e+00,1.317448694685028829e-02,3.542092822401018637e+00,1.487911764107129331e+00
3.591981453702441041e+00,1.227454775825446293e-02,3.591981453702441041e+00,1.371298719566629742e+00
3.641870085003864332e+00,1.153775869308146240e-02,3.641870085003864332e+00,1.276607179019197069e+00
3.691758716305286736e+00,1.094372859258633743e-02,3.691758716305286736e+00,1.203057312813835322e+00
3.741647347606709584e+00,1.047258226857373034e-02,3.741647347606709584e+00,1.149239958166089703e+00
3.791535978908131987e+00,1.010549551587378719e-02,3.791535978908131987e+00,1.113577228373437977e+00
3.841424610209555279e+00,9.824611339960806489e-03,3.841424610209555279e+00,1.094526019126924155e+00
3.891313241510977683e+00,9.612620541686158274e-03,3.891313241510977683e+00,1.090583824588903461e+00
3.941201872812400975e+00,9.452216024497622077e-03,3.941201872812400975e+00,1.100133903954139125e+00
3.991090504113823378e+00,9.325600995379896424e-03,3.991090504113823378e+00,1.121148312157729032e+00
4.040979135415246226e+00,9.214233866303348994e-03,4.040979135415246226e+00,1.150775388744428307e+00
4.090867766716669074e+00,9.099000536381150750e-03,4.090867766716669074e+00,1.184895995391426426e+00
4.140756398018091922e+00,8.960977635768982777e-03,4.140756398018091922e+00,1.217852403777327952e+00
4.190645029319514769e+00,8.782843273158228922e-03,4.190645029319514769e+00,1.242690136074263041e+00
4.240533660620937617e+00,8.550783080955835086e-03,4.240533660620937617e+00,1.252243104635859750e+00
4.290422291922360465e+00,8.256472164558320906e-03,4.290422291922360465e+00,1.241012573907812166e+00
4.340310923223783313e+00,7.898516181272146122e-03,4.340310923223783313e+00,1.207085468761805780e+00
4.390199554525206160e+00,7.482767568691700913e-03,4.390199554525206160e+00,1.152924305707947683e+00
4.440088185826628120e+00,7.021261928154981687e-03,4.440088185826628120e+00,1.084417601295422084e+00
4.489976817128051856e+00,6.530017213856539188e-03,4.489976817128051856e+00,1.008769935235041881e+00
4.539865448429473815e+00,6.026338439093134255e-03,4.539865448429473815e+00,9.324571631514337877e-01
4.589754079730897551e+00,5.526362249313010282e-03,4.589754079730897551e+00,8.600786322154355679e-01
4.639642711032319511e+00,5.043356388561888101e-03,4.639642711032319511e+00,7.941567943164938859e-01
4.689531342333742359e+00,4.586933758377294626e-03,4.689531342333742359e+00,7.354936286433902959e-01
4.739419973635165206e+00,4.163045200750868820e-03,4.739419973635165206e+00,6.836909962926637219e-01
4.789308604936588054e+00,3.774474503971956933e-03,4.789308604936588054e+00,6.376217557444137096e-01
4.839197236238010902e+00,3.421558694736440576e-03,4.839197236238010902e+00,5.957969839047673188e-01
4.889085867539433750e+00,3.102930915256037897e-03,4.889085867539433750e+00,5.566536448672690929e-01
4.938974498840856597e+00,2.816171707644232833e-03,4.938974498840856597e+00,5.188001771480694746e-01
4.988863130142279445e+00,2.558324449402260038e-03,4.988863130142279445e+00,4.812310262290799834e-01
5.038751761443702293e+00,2.326273412393082586e-03,5.038751761443702293e+00,4.434814350688221496e-01
5.088640392745125141e+00,2.117002824071670050e-03,5.088640392745125141e+00,4.056712197261894137e-01
5.138529024046547100e+00,1.927760563236032617e-03,5.138529024046547100e+00,3.684059470719341367e-01
5.188417655347970836e+00,1.756148052487563902e-03,5.188417655347970836e+00,3.325613600722607810e-01
5.238306286649393684e+00,1.600153586713488549e-03,5.238306286649393684e+00,2.990311562910025200e-01
5.288194917950815643e+00,1.458142617444587157e-03,5.288194917950815643e+00,2.685266790809148763e-01
5.338083549252238491e+00,1.328816482295294005e-03,5.338083549252238491e+00,2.414772205544933603e-01
5.387972180553662227e+00,1.211150526942920752e-03,5.387972180553662227e+00,2.180266115319937914e-01
5.437860811855085075e+00,1.104322560215881092e-03,5.437860811855085075e+00,1.980896282609221626e-01
5.487749443156507034e+00,1.007642009467594026e-03,5.487749443156507034e+00,1.814280980403961963e-01
5.537638074457929882e+00,9.204883193643870545e-04,5.537638074457929882e+00,1.677193413662748378e-01
5.587526705759353618e+00,8.422640990479241712e-04,5.587526705759353618e+00,1.566046552531375480e-01
5.637415337060775578e+00,7.723649374828409162e-04,5.637415337060775578e+00,1.477158670735677914e-01
5.687303968362198425e+00,7.101645789234795753e-04,5.687303968362198425e+00,1.406829047769011520e-01
5.737192599663622161e+00,6.550119833289192069e-04,5.737192599663622161e+00,1.351269705221298800e-01
5.787081230965044121e+00,6.062359491058036051e-04,5.787081230965044121e+00,1.306447710945461693e-01
5.836969862266466968e+00,5.631532823567840518e-04,5.836969862266466968e+00,1.267913036376245306e-01
5.886858493567888928e+00,5.250775579555241098e-04,5.886858493567888928e+00,1.230727777509171422e-01
5.936747124869312664e+00,4.913269078524527649e-04,5.936747124869312664e+00,1.189658309327430580e-01
5.986635756170735512e+00,4.612306647991801971e-04,5.986635756170735512e+00,1.139784085209773479e-01
6.036524387472158359e+00,4.341358738798664087e-04,6.036524387472158359e+00,1.077523369933605923e-01
6.086413018773580319e+00,4.094155024711103969e-04,6.086413018773580319e+00,1.001752007490308849e-01
6.136301650075004055e+00,3.864804471347794783e-04,6.136301650075004055e+00,9.143963673088757738e-02
6.186190281376426903e+00,3.647969086613972868e-04,6.186190281376426903e+00,8.199894287666568971e-02
6.236078912677848862e+00,3.439091626187645813e-04,6.236078912677848862e+00,7.242861553505930416e-02
6.285967543979271710e+00,3.234652324460409790e-04,6.285967543979271710e+00,6.326466687942983169e-02
6.335856175280695446e+00,3.032400892014377168e-04,6.335856175280695446e+00,5.489362751723004391e-02
6.385744806582117405e+00,2.831490584012772045e-04,6.385744806582117405e+00,4.752143988986589490e-02
6.435633437883540253e+00,2.632446582849919895e-04,6.435633437883540253e+00,4.120101806260574595e-02
6.485522069184963989e+00,2.436938769689264185e-04,6.485522069184963989e+00,3.588296850804433696e-02
6.535410700486385949e+00,2.247388877745324514e-04,6.535410700486385949e+00,3.146362435377051542e-02
6.585299331787808796e+00,2.066497199242602002e-04,6.585299331787808796e+00,2.781973745143995203e-02
6.635187963089231644e+00,1.896796833388582609e-04,6.635187963089231644e+00,2.482927766896831853e-02
6.685076594390654492e+00,1.740324298652105015e-04,6.685076594390654492e+00,2.238179276469069029e-02
6.734965225692077340e+00,1.598448043517486416e-04,6.734965225692077340e+00,2.038219661318163567e-02
6.784853856993500187e+00,1.471846454142708210e-04,6.784853856993500187e+00,1.875094295528448654e-02
6.834742488294922147e+00,1.360594311335566503e-04,6.834742488294922147e+00,1.742247931448281245e-02
6.884631119596345883e+00,1.264306993352101510e-04,6.884631119596345883e+00,1.634306077948788696e-02
6.934519750897768731e+00,1.182299205250445320e-04,6.934519750897768731e+00,1.546847947997107703e-02
6.984408382199190690e+00,1.113729917432736350e-04,6.984408382199190690e+00,1.476196500016956764e-02
7.034297013500613538e+00,1.057719822367611388e-04,7.034297013500613538e+00,1.419235617696005744e-02
7.084185644802037274e+00,1.013438213764052001e-04,7.084185644802037274e+00,1.373257731380888788e-02
7.134074276103459233e+00,9.801621300080025714e-05,7.134074276103459233e+00,1.335843342615508460e-02
7.183962907404882081e+00,9.573128108895600737e-05,7.183962907404882081e+00,1.304774460392611572e-02
7.233851538706305817e+00,9.444742581191009059e-05,7.233851538706305817e+00,1.277985018505036624e-02
7.283740170007728665e+00,9.413969588097826247e-05,7.283740170007728665e+00,1.253551249131122994e-02
7.333628801309150624e+00,9.479871868555218753e-05,7.333628801309150624e+00,1.229722268051972565e-02
7.383517432610573472e+00,9.642789427175521599e-05,7.383517432610573472e+00,1.204985017888730511e-02
7.433406063911997208e+00,9.903815766795889862e-05,7.433406063911997208e+00,1.178149021116456016e-02
7.483294695213419168e+00,1.026391705211035759e-04,7.483294695213419168e+00,1.148428066738611461e-02
7.533183326514842015e+00,1.072254211057910701e-04,7.533183326514842015e+00,1.115492452884079416e-02
7.583071957816263975e+00,1.127556738239699559e-04,7.583071957816263975e+00,1.079470404904116915e-02
7.632960589117687711e+00,1.191251000004430751e-04,7.632960589117687711e+00,1.040890795714432583e-02
7.682849220419110559e+00,1.261321621960412027e-04,7.682849220419110559e+00,1.000576554220385106e-02
7.732737851720532518e+00,1.334477925000518818e-04,7.732737851720532518e+00,9.595118654015098725e-03
7.782626483021955366e+00,1.406021365052477587e-04,7.782626483021955366e+00,9.187109450741281699e-03
7.832515114323379102e+00,1.470100874122225512e-04,7.832515114323379102e+00,8.791112058114102304e-03
7.882403745624801950e+00,1.520523973774065747e-04,7.882403745624801950e+00,8.415028993311415503e-03
7.932292376926223909e+00,1.552063805904460309e-04,7.932292376926223909e+00,8.064961592570920115e-03
7.982181008227646757e+00,1.561848358594803657e-04,7.982181008227646757e+00,7.745185683057574828e-03
8.032069639529069605e+00,1.550202532170893489e-04,8.032069639529069605e+00,7.458330589203730071e-03
8.081958270830492452e+00,1.520507755942991624e-04,8.081958270830492452e+00,7.205662259487256166e-03
8.131846902131915300e+00,1.478174143551063899e-04,8.131846902131915300e+00,6.987393334383895302e-03
8.181735533433338148e+00,1.429263816241959826e-04,8.181735533433338148e+00,6.802969940528456189e-03
8.231624164734760996e+00,1.379338630599270148e-04,8.231624164734760996e+00,6.651308304434148770e-03
8.281512796036183843e+00,1.332816663866528766e-04,8.281512796036183843e+00,6.530970721719931739e-03
8.331401427337606691e+00,1.292807988672994423e-04,8.331401427337606691e+00,6.440280151437012719e-03
8.381290058639029539e+00,1.261245239680744683e-04,8.381290058639029539e+00,6.377377370265262073e-03
8.431178689940452387e+00,1.239121030252690906e-04,8.431178689940452387e+00,6.340226171296154366e-03
8.481067321241875234e+00,1.226707174157365887e-04,8.481067321241875234e+00,6.326572283970215323e-03
8.530955952543298082e+00,1.223695249593412628e-04,8.530955952543298082e+00,6.333861987898880413e-03
8.580844583844720930e+00,1.229242173139440521e-04,8.580844583844720930e+00,6.359128030941586449e-03
8.630733215146143777e+00,1.241932080759237684e-04,8.630733215146143777e+00,6.398854505646868820e-03
8.680621846447566625e+00,1.259688888395852507e-04,8.680621846447566625e+00,6.448839565997137660e-03
8.730510477748987697e+00,1.279701583223585154e-04,8.730510477748987697e+00,6.504085355772710499e-03
8.780399109050412321e+00,1.298455176430128057e-04,8.780399109050412321e+00,6.558756861481157031e-03
8.830287740351835168e+00,1.311974908564624346e-04,8.830287740351835168e+00,6.606261684061935126e-03
8.880176371653256240e+00,1.316352762610168120e-04,8.880176371653256240e+00,6.639503892807185545e-03
8.930065002954680864e+00,1.308504656471119970e-04,8.930065002954680864e+00,6.651347980553002671e-03
8.979953634256103712e+00,1.286935524069069564e-04,8.979953634256103712e+00,6.635286198338292626e-03
9.029842265557526559e+00,1.252186586665284841e-04,9.029842265557526559e+00,6.586236104598196077e-03
9.079730896858947631e+00,1.206730275121199438e-04,9.079730896858947631e+00,6.501323041791437322e-03
9.129619528160372255e+00,1.154345259075535419e-04,9.129619528160372255e+00,6.380457813811296966e-03
9.179508159461795103e+00,1.099256450456715691e-04,9.179508159461795103e+00,6.226537049106826115e-03
9.229396790763216174e+00,1.045381015108048966e-04,9.229396790763216174e+00,6.045182935169522188e-03
9.279285422064639022e+00,9.958837645569049613e-05,9.279285422064639022e+00,5.844071240813261854e-03
9.329174053366063646e+00,9.530577075722217542e-05,9.329174053366063646e+00,5.632014451085180784e-03
9.379062684667484717e+00,9.184301837401171158e-05,9.379062684667484717e+00,5.418018973473913598e-03
9.428951315968907565e+00,8.929740017080206257e-05,9.428951315968907565e+00,5.210507420411807436e-03
9.478839947270330413e+00,8.773356833042663338e-05,9.478839947270330413e+00,5.016815283433720928e-03
9.528728578571753260e+00,8.720355556101942816e-05,9.528728578571753260e+00,4.842979920708514498e-03
9.578617209873176108e+00,8.776251910250039618e-05,9.578617209873176108e+00,4.693773059917657683e-03
9.628505841174598956e+00,8.948027354230904699e-05,9.628505841174598956e+00,4.572898021503036051e-03
9.678394472476021804e+00,9.244894334469697409e-05,9.678394472476021804e+00,4.483273189136283317e-03
9.728283103777444651e+00,9.678649534304638400e-05,9.728283103777444651e+00,4.427339897026053885e-03
9.778171735078867499e+00,1.026346707622628111e-04,9.778171735078867499e+00,4.407353021285022494e-03
9.828060366380290347e+00,1.101479379945649692e-04,9.828060366380290347e+00,4.425627964106219892e-03
9.877948997681713195e+00,1.194676173860884062e-04,9.877948997681713195e+00,4.484724441271766351e-03
9.927837628983136042e+00,1.306730001364140605e-04,9.927837628983136042e+00,4.587543846796506529e-03
9.977726260284558890e+00,1.437014857915440479e-04,9.977726260284558890e+00,4.737301836264575135e-03
1.002761489158598174e+01,1.582378414495585865e-04,1.002761489158598174e+01,4.937309938292625856e-03
1.007750352288740459e+01,1.735962510043464135e-04,1.007750352288740459e+01,5.190459630129922765e-03
1.012739215418882743e+01,1.886595109564449986e-04,1.012739215418882743e+01,5.498256130592345942e-03
1.017728078549025028e+01,2.019736908687007207e-04,1.017728078549025028e+01,5.859222322438808160e-03
1.022716941679167313e+01,2.120638923158097756e-04,1.022716941679167313e+01,6.266549319965679550e-03
1.027705804809309420e+01,2.178947579475735172e-04,1.027705804809309420e+01,6.705129267605527792e-03
1.032694667939451882e+01,2.192347546535988430e-04,1.032694667939451882e+01,7.148714016484607539e-03
1.037683531069594167e+01,2.166919214613976662e-04,1.037683531069594167e+01,7.558893784340949516e-03
1.042672394199736274e+01,2.114159750099708262e-04,1.042672394199736274e+01,7.888342680837785031e-03
1.047661257329878737e+01,2.046800153017920587e-04,1.047661257329878737e+01,8.090037367164949061e-03
1.052650120460021022e+01,1.975613268085990506e-04,1.052650120460021022e+01,8.130823140691035775e-03
1.057638983590163129e+01,1.907988935988484799e-04,1.057638983590163129e+01,8.003244118628525042e-03
1.062627846720305591e+01,1.847858868724807822e-04,1.062627846720305591e+01,7.728528318125084569e-03
1.067616709850447698e+01,1.796240489160202145e-04,1.067616709850447698e+01,7.348716417067350203e-03
1.072605572980589983e+01,1.751896310248060769e-04,1.072605572980589983e+01,6.912979048738847679e-03
1.077594436110732445e+01,1.711926317420695422e-04,1.077594436110732445e+01,6.465518388845799269e-03
1.082583299240874553e+01,1.672329528547389192e-04,1.082583299240874553e+01,6.039197677165606196e-03
1.087572162371017015e+01,1.628656969190391815e-04,1.087572162371017015e+01,5.654642800477983899e-03
1.092561025501159300e+01,1.576837172913635816e-04,1.092561025501159300e+01,5.322444338451346769e-03
1.097549888631301407e+01,1.514102239443958393e-04,1.097549888631301407e+01,5.046241291677173654e-03
1.102538751761443869e+01,1.439751553390036668e-04,1.102538751761443869e+01,4.825446750101954237e-03
1.107527614891585976e+01,1.355414774925485207e-04,1.107527614891585976e+01,4.657202545565083604e-03
1.112516478021728261e+01,1.264639957331428288e-04,1.112516478021728261e+01,4.537584232717429417e-03
1.117505341151870724e+01,1.171964718632544100e-04,1.117505341151870724e+01,4.462224074233618262e-03
1.122494204282012831e+01,1.081875646223712500e-04,1.122494204282012831e+01,4.426527026585243968e-03
1.127483067412155116e+01,9.980408458978299506e-05,1.127483067412155116e+01,4.425619757812468587e-03
1.132471930542297578e+01,9.229776727210831674e-05,1.132471930542297578e+01,4.454141501573365310e-03
1.137460793672439685e+01,8.580926635502480560e-05,1.137460793672439685e+01,4.505974578841771654e-03
1.142449656802581970e+01,8.039293141918076827e-05,1.142449656802581970e+01,4.574022505685251122e-03
1.147438519932724432e+01,7.604729844340406253e-05,1.147438519932724432e+01,4.650163550761043235e-03
1.152427383062866539e+01,7.274232510128043915e-05,1.152427383062866539e+01,4.725513184664023418e-03
1.157416246193008824e+01,7.044002911059123976e-05,1.157416246193008824e+01,4.791086420184949290e-03
1.162405109323150931e+01,6.910851817974908537e-05,1.162405109323150931e+01,4.838835766015459929e-03
1.167393972453293394e+01,6.873068089793439041e-05,1.167393972453293394e+01,4.862868841124989329e-03
1.172382835583435678e+01,6.930883379251534515e-05,1.172382835583435678e+01,4.860500172398552268e-03
1.177371698713577786e+01,7.086600350429297479e-05,1.177371698713577786e+01,4.832773520014279310e-03
1.182360561843720248e+01,7.344355168660332339e-05,1.182360561843720248e+01,4.784256967088308492e-03
1.187349424973862533e+01,7.709358133759594306e-05,1.187349424973862533e+01,4.722190742453048068e-03
1.192338288104004818e+01,8.186301221321782185e-05,1.192338288104004818e+01,4.655298283136311693e-03
1.197327151234147102e+01,8.776467416090657895e-05,1.197327151234147102e+01,4.592632958558068128e-03
1.202316014364289387e+01,9.473041214448180104e-05,1.202316014364289387e+01,4.542728315033117865e-03
1.207304877494431672e+01,1.025449379312718740e-04,1.207304877494431672e+01,4.513144931938222956e-03
1.212293740624573957e+01,1.107718349418340150e-04,1.212293740624573957e+01,4.510360954929448600e-03
1.217282603754716064e+01,1.187077910167683631e-04,1.217282603754716064e+01,4.539878680779418745e-03
1.222271466884858526e+01,1.254274351620449383e-04,1.222271466884858526e+01,4.606405253474393433e-03
1.227260330015000811e+01,1.299728222984061874e-04,1.227260330015000811e+01,4.713979275050977739e-03
1.232249193145142918e+01,1.316584418829242593e-04,1.232249193145142918e+01,4.865929398223377625e-03
1.237238056275285381e+01,1.303390756711650129e-04,1.237238056275285381e+01,5.064553334464886626e-03
1.242226919405427665e+01,1.264611506694755610e-04,1.242226919405427665e+01,5.310401017122062632e-03
1.247215782535569772e+01,1.208643890000369214e-04,1.247215782535569772e+01,5.601059329305494577e-03
1.252204645665712235e+01,1.144791360667618882e-04,1.252204645665712235e+01,5.929420926902729400e-03
1.257193508795854342e+01,1.080929275501264222e-04,1.257193508795854342e+01,6.281656460634021423e-03
1.262182371925996627e+01,1.022549447781392136e-04,1.262182371925996627e+01,6.635562267754459460e-03
1.267171235056139089e+01,9.728707624210803718e-05,1.267171235056139089e+01,6.960537577727504872e-03
1.272160098186281196e+01,9.334134838172654283e-05,1.272160098186281196e+01,7.220716059825427885e-03
1.277148961316423481e+01,9.046072866755745627e-05,1.277148961316423481e+01,7.381961590431094893e-03
1.282137824446565944e+01,8.862474186357867628e-05,1.282137824446565944e+01,7.421164929468518703e-03
1.287126687576708051e+01,8.777651710544744545e-05,1.287126687576708051e+01,7.333778153257677380e-03
1.292115550706850335e+01,8.783385925620696897e-05,1.292115550706850335e+01,7.135384446091901957e-03
1.297104413836992798e+01,8.868813098280483166e-05,1.297104413836992798e+01,6.856373832767173604e-03
1.302093276967134905e+01,9.019465750108368650e-05,1.302093276967134905e+01,6.532888680661377671e-03
1.307082140097277190e+01,9.215897560082817223e-05,1.307082140097277190e+01,6.198561238942723248e-03
1.312071003227419475e+01,9.432530842898473355e-05,1.312071003227419475e+01,5.879753912495025436e-03
1.317059866357561759e+01,9.637661005044492063e-05,1.317059866357561759e+01,5.594405246151124868e-03
1.322048729487704044e+01,9.795686431456174345e-05,1.322048729487704044e+01,5.353149492214338487e-03
1.327037592617846329e+01,9.872170773179553738e-05,1.327037592617846329e+01,5.161286072182422538e-03
1.332026455747988614e+01,9.841003492666282738e-05,1.332026455747988614e+01,5.020691881756798522e-03
1.337015318878130898e+01,9.691184303561525566e-05,1.337015318878130898e+01,4.931290356230869087e-03
1.342004182008273183e+01,9.430015779211716994e-05,1.342004182008273183e+01,4.892005935063593880e-03
1.346993045138415468e+01,9.080895359882660038e-05,1.346993045138415468e+01,4.901261837924965163e-03
1.351981908268557575e+01,8.676753444153549220e-05,1.351981908268557575e+01,4.957102379117775924e-03
1.356970771398700037e+01,8.252259817236555625e-05,1.356970771398700037e+01,5.057002866100101038e-03
1.361959634528842322e+01,7.837782191595846887e-05,1.361959634528842322e+01,5.197409918985930813e-03
1.366948497658984429e+01,7.456388797539012850e-05,1.366948497658984429e+01,5.373057493402527696e-03
1.371937360789126892e+01,7.123529871637455761e-05,1.371937360789126892e+01,5.576147741249823722e-03
1.376926223919269177e+01,6.848294273987601808e-05,1.376926223919269177e+01,5.795582552601930004e-03
1.381915087049411284e+01,6.635205600060888542e-05,1.381915087049411284e+01,6.016568889268270916e-03
1.386903950179553746e+01,6.485914014945335943e-05,1.386903950179553746e+01,6.221034139069968501e-03
1.391892813309696031e+01,6.400506699655925515e-05,1.391892813309696031e+01,6.389245009597305583e-03
1.396881676439838138e+01,6.378383227140550240e-05,1.396881676439838138e+01,6.502682549856772173e-03
1.401870539569980600e+01,6.418737132152341576e-05,1.401870539569980600e+01,6.547594855455368332e-03
1.406859402700122708e+01,6.520702059603998406e-05,1.406859402700122708e+01,6.518042213014063786e-03
1.411848265830264992e+01,6.683202935183365329e-05,1.411848265830264992e+01,6.417173853706361654e-03
1.416837128960407455e+01,6.904526881094241860e-05,1.416837128960407455e+01,6.256168962858973427e-03
1.421825992090549562e+01,7.181612876868835767e-05,1.421825992090549562e+01,6.051346878843973272e-03
1.426814855220691847e+01,7.509069252921279621e-05,1.426814855220691847e+01,5.820666672526009222e-03
1.431803718350834309e+01,7.877981830355584251e-05,1.431803718350834309e+01,5.580796301674393646e-03
1.436792581480976416e+01,8.274689127746533460e-05,1.436792581480976416e+01,5.345358195003919836e-03
1.441781444611118701e+01,8.679872963658033947e-05,1.441781444611118701e+01,5.124343609122540555e-03
1.446770307741261163e+01,9.068493339897746837e-05,1.446770307741261163e+01,4.924344223459733126e-03
1.451759170871403271e+01,9.411160093652944081e-05,1.451759170871403271e+01,4.749193624712265936e-03
1.456748034001545733e+01,9.677301405170447835e-05,1.456748034001545733e+01,4.600712875961849788e-03
1.461736897131687840e+01,9.839857256754195138e-05,1.461736897131687840e+01,4.479388619226241409e-03
1.466725760261830125e+01,9.880367983083085349e-05,1.466725760261830125e+01,4.384916325489117417e-03
1.471714623391972587e+01,9.792756465944116577e-05,1.471714623391972587e+01,4.316602367448906484e-03
1.476703486522114694e+01,9.584353478710126435e-05,1.476703486522114694e+01,4.273645971416661048e-03
1.481692349652256979e+01,9.273811953393867457e-05,1.481692349652256979e+01,4.255329370347065050e-03
1.486681212782399442e+01,8.886845347140577447e-05,1.486681212782399442e+01,4.261142054432055098e-03
1.491670075912541549e+01,8.451406180328847732e-05,1.491670075912541549e+01,4.290859093010638420e-03
1.496658939042683834e+01,7.993718849488424237e-05,1.496658939042683834e+01,4.344587110436962107e-03
1.501647802172825941e+01,7.535852362445983764e-05,1.501647802172825941e+01,4.422785789513916307e-03
1.506636665302968403e+01,7.094804457964105731e-05,1.506636665302968403e+01,4.526267948658959164e-03
1.511625528433110688e+01,6.682673910676278559e-05,1.511625528433110688e+01,4.656177093837169864e-03
1.516614391563252795e+01,6.307425472150629759e-05,1.516614391563252795e+01,4.813937598020555722e-03
1.521603254693395257e+01,5.973860150156628423e-05,1.521603254693395257e+01,5.001169143385278230e-03
1.526592117823537542e+01,5.684557256206836340e-05,1.526592117823537542e+01,5.219553920405963290e-03
1.531580980953679649e+01,5.440681345127653968e-05,1.531580980953679649e+01,5.470643003922799445e-03
1.536569844083822112e+01,5.242627381426192960e-05,1.536569844083822112e+01,5.755588826846578035e-03
1.541558707213964396e+01,5.090518129984677981e-05,1.541558707213964396e+01,6.074796285438555966e-03
1.546547570344106504e+01,4.984582588105342734e-05,1.546547570344106504e+01,6.427499180319453526e-03
1.551536433474248966e+01,4.925444724865354440e-05,1.551536433474248966e+01,6.811294790234938973e-03
1.556525296604391073e+01,4.914344812890369561e-05,1.556525296604391073e+01,7.221708168193144602e-03
1.561514159734533536e+01,4.953304060009015885e-05,1.561514159734533536e+01,7.651903165102972790e-03
1.566503022864675820e+01,5.045226728612346847e-05,1.566503022864675820e+01,8.092691744743680735e-03
1.571491885994817927e+01,5.193909587132150026e-05,1.571491885994817927e+01,8.532987668291093161e-03
1.576480749124960390e+01,5.403891405044817126e-05,1.576480749124960390e+01,8.960774811087923730e-03
1.581469612255102675e+01,5.680019433862913794e-05,1.581469612255102675e+01,9.364506823912032221e-03
1.586458475385244782e+01,6.026533041558036026e-05,1.586458475385244782e+01,9.734664476061045263e-03
1.591447338515387244e+01,6.445380522484879537e-05,1.591447338515387244e+01,1.006505859085425961e-02
1.596436201645529351e+01,6.933451591776658093e-05,1.596436201645529351e+01,1.035347066193719086e-02
1.601425064775671814e+01,7.478573926635350615e-05,1.601425064775671814e+01,1.060139351866819582e-02
1.606413927905813921e+01,8.054754505597347262e-05,1.606413927905813921e+01,1.081289658846632321e-02
1.611402791035956028e+01,8.618496010016087310e-05,1.611402791035956028e+01,1.099286977561512307e-02
1.616391654166098490e+01,9.109772019781139376e-05,1.616391654166098490e+01,1.114501080111357338e-02
1.621380517296240953e+01,9.461676372684675520e-05,1.621380517296240953e+01,1.126991816951465261e-02
1.626369380426383060e+01,9.619112605977172604e-05,1.626369380426383060e+01,1.136360952302485454e-02
1.631358243556525522e+01,9.559159699845090532e-05,1.631358243556525522e+01,1.141677710851795799e-02
1.636347106686667630e+01,9.300730676475182403e-05,1.636347106686667630e+01,1.141512821213859150e-02
1.641335969816809737e+01,8.896731145298998914e-05,1.641335969816809737e+01,1.134115234188518007e-02
1.646324832946952199e+01,8.414461169395774675e-05,1.646324832946952199e+01,1.117744835665484063e-02
1.651313696077094306e+01,7.916552193242752623e-05,1.651313696077094306e+01,1.091121023669161874e-02
1.656302559207236769e+01,7.450468336705153472e-05,1.656302559207236769e+01,1.053871788696192011e-02
1.661291422337379231e+01,7.046843096345512523e-05,1.661291422337379231e+01,1.006816686356324514e-02
1.666280285467521338e+01,6.722872354458560176e-05,1.666280285467521338e+01,9.519469733072577489e-03
1.671269148597663445e+01,6.487131356120976226e-05,1.671269148597663445e+01,8.920875771143553512e-03
1.676258011727805908e+01,6.343863638245259202e-05,1.676258011727805908e+01,8.303695655536725423e-03
1.681246874857948015e+01,6.296172398789924964e-05,1.681246874857948015e+01,7.697108324981865451e-03
1.686235737988090477e+01,6.348223218008779113e-05,1.686235737988090477e+01,7.124605019755571311e-03
1.691224601118232940e+01,6.506753655359089690e-05,1.691224601118232940e+01,6.602585437930233968e-03
1.696213464248375047e+01,6.782133481682689209e-05,1.696213464248375047e+01,6.140718909333812113e-03
1.701202327378517509e+01,7.189059220014759426e-05,1.701202327378517509e+01,5.743304078487907437e-03
1.706191190508659616e+01,7.746714444976612228e-05,1.706191190508659616e+01,5.410929545707950268e-03
1.711180053638801724e+01,8.477821414463771214e-05,1.711180053638801724e+01,5.141998070472446510e-03
1.716168916768944186e+01,9.405353625407494758e-05,1.716168916768944186e+01,4.933928268976837950e-03
1.721157779899086293e+01,1.054476729712716405e-04,1.721157779899086293e+01,4.784010982610271794e-03
1.726146643029228755e+01,1.188892805660520869e-04,1.726146643029228755e+01,4.689973963065122500e-03
1.731135506159371218e+01,1.338430983436367542e-04,1.731135506159371218e+01,4.650327465334599085e-03
1.736124369289513325e+01,1.490439249987859710e-04,1.736124369289513325e+01,4.664552343676533173e-03
1.741113232419655432e+01,1.624178487543895928e-04,1.741113232419655432e+01,4.733168337817977855e-03
1.746102095549797539e+01,1.715194332764738037e-04,1.746102095549797539e+01,4.857690864849230870e-03
1.751090958679940002e+01,1.745466487694388659e-04,1.751090958679940002e+01,5.040451259579697627e-03
1.756079821810082464e+01,1.713065180000407318e-04,1.756079821810082464e+01,5.284217236084890260e-03
1.761068684940224571e+01,1.632691677783668408e-04,1.761068684940224571e+01,5.591508550591183131e-03
1.766057548070367034e+01,1.526936081675927257e-04,1.766057548070367034e+01,5.963467087153145017e-03
1.771046411200509141e+01,1.416480235018406067e-04,1.771046411200509141e+01,6.398139512376171609e-03
1.776035274330651248e+01,1.315374558956476604e-04,1.776035274330651248e+01,6.888124423527463777e-03
1.781024137460793710e+01,1.231141279509017326e-04,1.781024137460793710e+01,7.417816179203662146e-03
1.786013000590936173e+01,1.166869065412951434e-04,1.786013000590936173e+01,7.961015861172326263e-03
1.791001863721078280e+01,1.123315274872227438e-04,1.791001863721078280e+01,8.480373405611755372e-03
1.795990726851220742e+01,1.100368456765064715e-04,1.795990726851220742e+01,8.930478761270597282e-03
1.800979589981362849e+01,1.097905031119514638e-04,1.800979589981362849e+01,9.265579853356603612e-03
1.805968453111505312e+01,1.116239940815585095e-04,1.805968453111505312e+01,9.450440316756679102e-03
1.810957316241647419e+01,1.156331115987848285e-04,1.810957316241647419e+01,9.469996892502738003e-03
1.815946179371789526e+01,1.219809153686964308e-04,1.815946179371789526e+01,9.332939963709431866e-03
1.820935042501931989e+01,1.308807960585838188e-04,1.820935042501931989e+01,9.067459094878079287e-03
1.825923905632074451e+01,1.425465064608653660e-04,1.825923905632074451e+01,8.711851836771467711e-03
1.830912768762216558e+01,1.570840905105856688e-04,1.830912768762216558e+01,8.304772858127366236e-03
1.835901631892359021e+01,1.742935645220458152e-04,1.835901631892359021e+01,7.878598536158068141e-03
1.840890495022501128e+01,1.933683054096707208e-04,1.840890495022501128e+01,7.456733643795808442e-03
1.845879358152643235e+01,2.125715427536974220e-04,1.845879358152643235e+01,7.053859369019520667e-03
1.850868221282785697e+01,2.291545714883778560e-04,1.850868221282785697e+01,6.677663079727540890e-03
1.855857084412927804e+01,2.399117059811599123e-04,1.855857084412927804e+01,6.330940773480958281e-03
1.860845947543070267e+01,2.424524658604387285e-04,1.860845947543070267e+01,6.013482586543869579e-03
1.865834810673212729e+01,2.364467532233726363e-04,1.865834810673212729e+01,5.723532644201043997e-03
1.870823673803354836e+01,2.237614273550072317e-04,1.870823673803354836e+01,5.458813672776245164e-03
1.875812536933496943e+01,2.073803573901349389e-04,1.875812536933496943e+01,5.217181897019345510e-03
1.880801400063639406e+01,1.901001010796867343e-04,1.880801400063639406e+01,4.996992283453369731e-03
1.885790263193781513e+01,1.738406376855883913e-04,1.885790263193781513e+01,4.797248255397656633e-03
1.890779126323923975e+01,1.596086080856960211e-04,1.890779126323923975e+01,4.617601286266751447e-03
1.895767989454066083e+01,1.477588056877351193e-04,1.895767989454066083e+01,4.458258221255772050e-03
1.900756852584208545e+01,1.382758680626914303e-04,1.900756852584208545e+01,4.319846068232341234e-03
1.905745715714350652e+01,1.309735965695031288e-04,1.905745715714350652e+01,4.203273290562504171e-03
1.910734578844493115e+01,1.256091392648335753e-04,1.910734578844493115e+01,4.109613255109763851e-03
1.915723441974635222e+01,1.219382396184462842e-04,1.915723441974635222e+01,4.040021202131018931e-03
1.920712305104777684e+01,1.197362411336661149e-04,1.920712305104777684e+01,3.995683150215776323e-03
1.925701168234919791e+01,1.188012777377296685e-04,1.925701168234919791e+01,3.977784939644038627e-03
1.930690031365062254e+01,1.189491980394320373e-04,1.930690031365062254e+01,3.987482219266523867e-03
1.935678894495204361e+01,1.200055668460558528e-04,1.935678894495204361e+01,4.025846633597771063e-03
1.940667757625346823e+01,1.217979123981945670e-04,1.940667757625346823e+01,4.093758588024361267e-03
1.945656620755488930e+01,1.241503566111258649e-04,1.945656620755488930e+01,4.191712398110641891e-03
1.950645483885631037e+01,1.268821461285755850e-04,1.950645483885631037e+01,4.319497067677722200e-03
1.955634347015773500e+01,1.298108688799848938e-04,1.955634347015773500e+01,4.475720731619912095e-03
1.960623210145915962e+01,1.327600358092488999e-04,1.960623210145915962e+01,4.657169527280667978e-03
1.965612073276058069e+01,1.355693392099043492e-04,1.965612073276058069e+01,4.858048077664485313e-03
1.970600936406200532e+01,1.381047514466527098e-04,1.970600936406200532e+01,5.069253663261659264e-03
1.975589799536342639e+01,1.402653321884578524e-04,1.975589799536342639e+01,5.277984470733081308e-03
1.980578662666484746e+01,1.419845246662609591e-04,1.980578662666484746e+01,5.468116172322209749e-03
1.985567525796627208e+01,1.432255939358845220e-04,1.985567525796627208e+01,5.621766047428669762e-03
1.990556388926769316e+01,1.439729135678217032e-04,1.990556388926769316e+01,5.722137123840222335e-03
