Depth	Density	sigma_D	sigma_o18	sigma_o17
0.00	350.000	0.000000	0.000000	0.000000
0.50	357.344	0.022888	0.024734	0.025021
1.00	364.744	0.031855	0.034424	0.034824
1.50	372.194	0.038398	0.041495	0.041977
2.00	379.693	0.043642	0.047162	0.047710
2.50	387.235	0.048031	0.051904	0.052507
3.00	394.816	0.051796	0.055974	0.056624
3.50	402.433	0.055080	0.059522	0.060214
4.00	410.082	0.057975	0.062651	0.063379
4.50	417.759	0.060548	0.065431	0.066191
5.00	425.458	0.062847	0.067916	0.068705
5.50	433.176	0.064911	0.070146	0.070961
6.00	440.908	0.066769	0.072154	0.072992
6.50	448.651	0.068445	0.073965	0.074824
7.00	456.399	0.069959	0.075601	0.076479
7.50	464.149	0.071328	0.077081	0.077976
8.00	471.895	0.072566	0.078418	0.079329
8.50	479.633	0.073684	0.079627	0.080552
9.00	487.360	0.074695	0.080719	0.081657
9.50	495.070	0.075606	0.081703	0.082652
10.00	502.759	0.076425	0.082589	0.083548
10.50	510.423	0.077161	0.083384	0.084352
11.00	518.058	0.077818	0.084095	0.085071
11.50	525.660	0.078404	0.084728	0.085712
12.00	533.223	0.078923	0.085289	0.086279
12.50	540.746	0.079380	0.085783	0.086779
13.00	548.223	0.079780	0.086214	0.087216
13.50	552.593	0.080550	0.087047	0.088058
14.00	555.989	0.081437	0.088005	0.089027
14.50	559.373	0.082281	0.088917	0.089950
15.00	562.746	0.083084	0.089785	0.090828
15.50	566.108	0.083849	0.090611	0.091664
16.00	569.457	0.084576	0.091397	0.092459
16.50	572.794	0.085268	0.092145	0.093215
17.00	576.117	0.085926	0.092856	0.093934
17.50	579.428	0.086552	0.093532	0.094619
18.00	582.725	0.087147	0.094175	0.095269
18.50	586.008	0.087712	0.094787	0.095887
19.00	589.277	0.088249	0.095367	0.096475
19.50	592.532	0.088760	0.095919	0.097033
20.00	595.772	0.089244	0.096442	0.097562
20.50	598.997	0.089703	0.096938	0.098064
21.00	602.207	0.090138	0.097408	0.098540
21.50	605.401	0.090551	0.097854	0.098990
22.00	608.579	0.090941	0.098275	0.099417
22.50	611.742	0.091309	0.098674	0.099820
23.00	614.888	0.091657	0.099050	0.100200
23.50	618.017	0.091986	0.099405	0.100559
24.00	621.130	0.092295	0.099739	0.100898
24.50	624.225	0.092586	0.100054	0.101216
25.00	627.304	0.092859	0.100349	0.101514
25.50	630.365	0.093116	0.100626	0.101794
26.00	633.408	0.093355	0.100885	0.102056
26.50	636.433	0.093579	0.101127	0.102301
27.00	639.440	0.093788	0.101352	0.102529
27.50	642.428	0.093981	0.101561	0.102741
28.00	645.399	0.094161	0.101755	0.102937
28.50	648.350	0.094326	0.101934	0.103118
29.00	651.283	0.094478	0.102099	0.103284
29.50	654.196	0.094618	0.102249	0.103437
30.00	657.091	0.094745	0.102386	0.103576
30.50	659.966	0.094860	0.102511	0.103701
31.00	662.821	0.094963	0.102622	0.103814
31.50	665.657	0.095055	0.102722	0.103915
32.00	668.473	0.095136	0.102810	0.104004
32.50	671.269	0.095207	0.102886	0.104081
33.00	674.045	0.095268	0.102952	0.104147
33.50	676.801	0.095319	0.103007	0.104203
34.00	679.537	0.095360	0.103051	0.104248
34.50	682.253	0.095393	0.103086	0.104284
35.00	684.948	0.095416	0.103112	0.104309
35.50	687.622	0.095431	0.103128	0.104326
36.00	690.276	0.095438	0.103135	0.104333
36.50	692.909	0.095437	0.103134	0.104332
37.00	695.521	0.095428	0.103125	0.104323
37.50	698.113	0.095412	0.103107	0.104305
38.00	700.684	0.095389	0.103082	0.104279
38.50	703.233	0.095358	0.103049	0.104246
39.00	705.762	0.095321	0.103010	0.104206
39.50	708.270	0.095278	0.102963	0.104159
40.00	710.756	0.095229	0.102909	0.104105
40.50	713.222	0.095173	0.102849	0.104044
41.00	715.666	0.095112	0.102783	0.103977
41.50	718.089	0.095045	0.102711	0.103904
42.00	720.491	0.094973	0.102633	0.103825
42.50	722.872	0.094896	0.102550	0.103741
43.00	725.232	0.094814	0.102461	0.103651
43.50	727.570	0.094727	0.102367	0.103556
44.00	729.888	0.094635	0.102268	0.103456
44.50	732.184	0.094540	0.102165	0.103351
45.00	734.459	0.094439	0.102056	0.103242
45.50	736.713	0.094335	0.101944	0.103128
46.00	738.946	0.094227	0.101827	0.103010
46.50	741.158	0.094115	0.101706	0.102888
47.00	743.349	0.094000	0.101582	0.102761
47.50	745.519	0.093881	0.101453	0.102631
48.00	747.668	0.093759	0.101321	0.102498
48.50	749.796	0.093634	0.101186	0.102361
49.00	751.903	0.093506	0.101047	0.102221
49.50	753.989	0.093374	0.100906	0.102077
50.00	756.055	0.093241	0.100761	0.101931
50.50	758.100	0.093104	0.100613	0.101782
51.00	760.125	0.092965	0.100463	0.101630
51.50	762.128	0.092824	0.100310	0.101475
52.00	764.112	0.092680	0.100155	0.101319
52.50	766.075	0.092534	0.099998	0.101159
53.00	768.018	0.092387	0.099838	0.100998
53.50	769.940	0.092237	0.099676	0.100834
54.00	771.843	0.092086	0.099513	0.100668
54.50	773.725	0.091932	0.099347	0.100501
55.00	775.588	0.091778	0.099180	0.100332
55.50	777.431	0.091621	0.099011	0.100161
56.00	779.253	0.091464	0.098841	0.099989
56.50	781.057	0.091305	0.098669	0.099815
57.00	782.840	0.091144	0.098496	0.099639
57.50	784.605	0.090983	0.098321	0.099463
58.00	786.350	0.090820	0.098146	0.099285
58.50	788.075	0.090657	0.097969	0.099107
59.00	789.782	0.090493	0.097791	0.098927
59.50	791.470	0.090328	0.097613	0.098747
60.00	793.138	0.090162	0.097433	0.098565
60.50	794.788	0.089995	0.097253	0.098383
61.00	796.420	0.089828	0.097073	0.098200
61.50	798.033	0.089660	0.096892	0.098017
62.00	799.627	0.089492	0.096710	0.097833
62.50	801.203	0.089323	0.096528	0.097649
63.00	802.761	0.089154	0.096345	0.097464
63.50	804.301	0.088985	0.096162	0.097279
64.00	805.824	0.088817	0.095981	0.097095
64.50	807.328	0.088652	0.095802	0.096914
65.00	808.815	0.088489	0.095626	0.096736
65.50	810.284	0.088328	0.095452	0.096561
66.00	811.736	0.088170	0.095282	0.096388
66.50	813.171	0.088015	0.095113	0.096218
67.00	814.588	0.087862	0.094948	0.096051
67.50	815.989	0.087711	0.094785	0.095886
68.00	817.373	0.087562	0.094624	0.095724
68.50	818.740	0.087416	0.094466	0.095564
69.00	820.090	0.087272	0.094311	0.095406
69.50	821.425	0.087130	0.094158	0.095251
70.00	822.743	0.086991	0.094007	0.095099
70.50	824.045	0.086853	0.093858	0.094948
71.00	825.330	0.086718	0.093712	0.094801
71.50	826.600	0.086585	0.093568	0.094655
72.00	827.855	0.086454	0.093426	0.094511
72.50	829.094	0.086324	0.093287	0.094370
73.00	830.317	0.086197	0.093149	0.094231
73.50	831.525	0.086072	0.093014	0.094094
74.00	832.718	0.085949	0.092881	0.093960
74.50	833.896	0.085827	0.092750	0.093827
75.00	835.059	0.085708	0.092620	0.093696
75.50	836.208	0.085590	0.092493	0.093567
76.00	837.342	0.085474	0.092368	0.093441
76.50	838.461	0.085360	0.092245	0.093316
77.00	839.566	0.085248	0.092123	0.093193
77.50	840.657	0.085137	0.092004	0.093072
78.00	841.734	0.085028	0.091886	0.092953
78.50	842.798	0.084921	0.091770	0.092836
79.00	843.847	0.084815	0.091656	0.092720
79.50	844.883	0.084711	0.091543	0.092607
80.00	845.905	0.084609	0.091433	0.092495
80.50	846.915	0.084508	0.091324	0.092384
81.00	847.911	0.084409	0.091217	0.092276
81.50	848.894	0.084311	0.091111	0.092169
82.00	849.864	0.084215	0.091007	0.092064
82.50	850.821	0.084120	0.090904	0.091960
83.00	851.766	0.084027	0.090804	0.091858
83.50	852.698	0.083935	0.090704	0.091758
84.00	853.618	0.083844	0.090607	0.091659
84.50	854.526	0.083755	0.090510	0.091562
85.00	855.422	0.083667	0.090416	0.091466
85.50	856.306	0.083581	0.090322	0.091371
86.00	857.178	0.083496	0.090230	0.091278
86.50	858.038	0.083412	0.090140	0.091187
87.00	858.887	0.083330	0.090051	0.091097
87.50	859.724	0.083249	0.089963	0.091008
88.00	860.550	0.083169	0.089877	0.090921
88.50	861.365	0.083090	0.089792	0.090835
89.00	862.169	0.083013	0.089708	0.090750
89.50	862.962	0.082936	0.089626	0.090667
90.00	863.745	0.082861	0.089544	0.090584
90.50	864.516	0.082787	0.089464	0.090504
91.00	865.277	0.082714	0.089386	0.090424
91.50	866.028	0.082643	0.089308	0.090346
92.00	866.769	0.082572	0.089232	0.090268
92.50	867.499	0.082503	0.089157	0.090192
93.00	868.219	0.082434	0.089083	0.090118
93.50	868.930	0.082367	0.089010	0.090044
94.00	869.631	0.082300	0.088938	0.089971
94.50	870.322	0.082235	0.088868	0.089900
95.00	871.003	0.082171	0.088798	0.089830
95.50	871.675	0.082107	0.088730	0.089760
96.00	872.338	0.082045	0.088662	0.089692
96.50	872.991	0.081984	0.088596	0.089625
97.00	873.636	0.081923	0.088531	0.089559
97.50	874.271	0.081864	0.088466	0.089494
98.00	874.898	0.081805	0.088403	0.089430
98.50	875.515	0.081747	0.088340	0.089367
99.00	876.125	0.081690	0.088279	0.089304
99.50	876.725	0.081634	0.088219	0.089243
100.00	877.318	0.081579	0.088159	0.089183
100.50	877.901	0.081525	0.088100	0.089124
101.00	878.477	0.081472	0.088043	0.089065
101.50	879.045	0.081419	0.087986	0.089008
102.00	879.604	0.081367	0.087930	0.088951
102.50	880.156	0.081316	0.087875	0.088895
103.00	880.700	0.081266	0.087820	0.088840
103.50	881.236	0.081217	0.087767	0.088786
104.00	881.765	0.081168	0.087714	0.088733
104.50	882.286	0.081120	0.087663	0.088681
105.00	882.799	0.081073	0.087612	0.088629
105.50	883.306	0.081026	0.087561	0.088578
106.00	883.805	0.080981	0.087512	0.088528
106.50	884.297	0.080935	0.087463	0.088479
107.00	884.782	0.080891	0.087415	0.088431
107.50	885.260	0.080847	0.087368	0.088383
108.00	885.731	0.080804	0.087322	0.088336
108.50	886.195	0.080762	0.087276	0.088290
109.00	886.653	0.080720	0.087231	0.088244
109.50	887.104	0.080679	0.087186	0.088199
110.00	887.549	0.080639	0.087143	0.088155
110.50	887.987	0.080599	0.087100	0.088111
111.00	888.420	0.080560	0.087057	0.088069
111.50	888.845	0.080521	0.087016	0.088026
112.00	889.265	0.080483	0.086975	0.087985
112.50	889.679	0.080446	0.086934	0.087944
113.00	890.086	0.080409	0.086894	0.087904
113.50	890.488	0.080373	0.086855	0.087864
114.00	890.884	0.080337	0.086817	0.087825
114.50	891.274	0.080302	0.086779	0.087786
115.00	891.658	0.080267	0.086741	0.087749
115.50	892.037	0.080233	0.086704	0.087711
116.00	892.411	0.080200	0.086668	0.087675
116.50	892.779	0.080167	0.086632	0.087639
117.00	893.141	0.080134	0.086597	0.087603
117.50	893.498	0.080102	0.086563	0.087568
118.00	893.851	0.080070	0.086528	0.087533
118.50	894.197	0.080039	0.086495	0.087499
119.00	894.539	0.080009	0.086462	0.087466
119.50	894.876	0.079979	0.086429	0.087433
120.00	895.208	0.079949	0.086397	0.087401
120.50	895.535	0.079920	0.086366	0.087369
121.00	895.858	0.079891	0.086335	0.087337
121.50	896.175	0.079863	0.086304	0.087306
122.00	896.488	0.079835	0.086274	0.087276
122.50	896.796	0.079807	0.086244	0.087246
123.00	897.100	0.079780	0.086215	0.087216
123.50	897.400	0.079754	0.086186	0.087187
124.00	897.694	0.079728	0.086158	0.087159
124.50	897.985	0.079702	0.086130	0.087130
125.00	898.271	0.079676	0.086103	0.087103
125.50	898.553	0.079651	0.086076	0.087075
126.00	898.831	0.079627	0.086049	0.087048
126.50	899.105	0.079602	0.086023	0.087022
127.00	899.375	0.079579	0.085997	0.086996
127.50	899.641	0.079555	0.085972	0.086970
128.00	899.902	0.079532	0.085946	0.086945
128.50	900.160	0.079509	0.085922	0.086920
129.00	900.414	0.079487	0.085898	0.086895
129.50	900.665	0.079465	0.085874	0.086871
130.00	900.912	0.079443	0.085850	0.086847
130.50	901.155	0.079421	0.085827	0.086824
131.00	901.394	0.079400	0.085804	0.086801
131.50	901.630	0.079380	0.085782	0.086778
132.00	901.862	0.079359	0.085760	0.086756
132.50	902.091	0.079339	0.085738	0.086734
133.00	902.316	0.079319	0.085717	0.086712
133.50	902.539	0.079300	0.085695	0.086691
134.00	902.757	0.079280	0.085675	0.086670
134.50	902.973	0.079261	0.085654	0.086649
135.00	903.185	0.079243	0.085634	0.086629
135.50	903.394	0.079224	0.085614	0.086609
136.00	903.601	0.079206	0.085595	0.086589
136.50	903.804	0.079189	0.085576	0.086569
137.00	904.003	0.079171	0.085557	0.086550
137.50	904.200	0.079154	0.085538	0.086531
138.00	904.394	0.079137	0.085520	0.086513
138.50	904.586	0.079120	0.085502	0.086495
139.00	904.774	0.079104	0.085484	0.086477
139.50	904.959	0.079087	0.085466	0.086459
140.00	905.142	0.079072	0.085449	0.086441
140.50	905.322	0.079056	0.085432	0.086424
141.00	905.499	0.079040	0.085415	0.086407
141.50	905.674	0.079025	0.085399	0.086391
142.00	905.846	0.079010	0.085383	0.086374
142.50	906.015	0.078995	0.085367	0.086358
143.00	906.182	0.078981	0.085351	0.086342
143.50	906.346	0.078966	0.085335	0.086327
144.00	906.508	0.078952	0.085320	0.086311
144.50	906.668	0.078938	0.085305	0.086296
145.00	906.825	0.078925	0.085290	0.086281
145.50	906.979	0.078911	0.085276	0.086266
146.00	907.132	0.078898	0.085262	0.086252
146.50	907.282	0.078885	0.085247	0.086238
147.00	907.430	0.078872	0.085234	0.086224
147.50	907.575	0.078860	0.085220	0.086210
148.00	907.719	0.078847	0.085206	0.086196
148.50	907.860	0.078835	0.085193	0.086183
149.00	907.999	0.078823	0.085180	0.086169
149.50	908.136	0.078811	0.085167	0.086156
150.00	908.271	0.078799	0.085155	0.086144
150.50	908.404	0.078788	0.085142	0.086131
151.00	908.535	0.078776	0.085130	0.086119
151.50	908.664	0.078765	0.085118	0.086106
152.00	908.791	0.078754	0.085106	0.086094
152.50	908.916	0.078743	0.085094	0.086083
153.00	909.039	0.078733	0.085083	0.086071
153.50	909.160	0.078722	0.085071	0.086059
154.00	909.280	0.078712	0.085060	0.086048
154.50	909.397	0.078702	0.085049	0.086037
155.00	909.513	0.078692	0.085038	0.086026
155.50	909.627	0.078682	0.085028	0.086015
156.00	909.740	0.078672	0.085017	0.086005
156.50	909.850	0.078662	0.085007	0.085994
157.00	909.959	0.078653	0.084997	0.085984
157.50	910.067	0.078644	0.084987	0.085974
158.00	910.173	0.078634	0.084977	0.085964
158.50	910.277	0.078625	0.084967	0.085954
159.00	910.379	0.078617	0.084957	0.085944
159.50	910.480	0.078608	0.084948	0.085935
160.00	910.580	0.078599	0.084939	0.085925
160.50	910.678	0.078591	0.084930	0.085916
161.00	910.774	0.078583	0.084921	0.085907
161.50	910.869	0.078574	0.084912	0.085898
162.00	910.963	0.078566	0.084903	0.085889
162.50	911.055	0.078558	0.084894	0.085880
163.00	911.146	0.078550	0.084886	0.085872
163.50	911.235	0.078543	0.084878	0.085863
164.00	911.323	0.078535	0.084869	0.085855
164.50	911.410	0.078528	0.084861	0.085847
165.00	911.496	0.078520	0.084853	0.085839
165.50	911.580	0.078513	0.084846	0.085831
166.00	911.663	0.078506	0.084838	0.085823
166.50	911.744	0.078499	0.084830	0.085815
167.00	911.824	0.078492	0.084823	0.085808
167.50	911.904	0.078485	0.084815	0.085800
168.00	911.981	0.078479	0.084808	0.085793
168.50	912.058	0.078472	0.084801	0.085786
169.00	912.134	0.078465	0.084794	0.085779
169.50	912.208	0.078459	0.084787	0.085772
170.00	912.281	0.078453	0.084780	0.085765
170.50	912.354	0.078447	0.084774	0.085758
171.00	912.425	0.078440	0.084767	0.085751
171.50	912.495	0.078434	0.084760	0.085745
172.00	912.563	0.078428	0.084754	0.085738
172.50	912.631	0.078423	0.084748	0.085732
173.00	912.698	0.078417	0.084742	0.085726
173.50	912.764	0.078411	0.084735	0.085720
174.00	912.829	0.078406	0.084729	0.085714
174.50	912.893	0.078400	0.084724	0.085708
175.00	912.955	0.078395	0.084718	0.085702
175.50	913.017	0.078389	0.084712	0.085696
176.00	913.078	0.078384	0.084706	0.085690
176.50	913.138	0.078379	0.084701	0.085684
177.00	913.197	0.078374	0.084695	0.085679
177.50	913.256	0.078369	0.084690	0.085673
178.00	913.313	0.078364	0.084685	0.085668
178.50	913.369	0.078359	0.084679	0.085663
179.00	913.425	0.078355	0.084674	0.085658
179.50	913.480	0.078350	0.084669	0.085652
180.00	913.534	0.078345	0.084664	0.085647
180.50	913.587	0.078341	0.084659	0.085642
181.00	913.639	0.078336	0.084654	0.085638
181.50	913.690	0.078332	0.084650	0.085633
182.00	913.741	0.078327	0.084645	0.085628
182.50	913.791	0.078323	0.084640	0.085623
183.00	913.840	0.078319	0.084636	0.085619
183.50	913.889	0.078315	0.084631	0.085614
184.00	913.936	0.078311	0.084627	0.085610
184.50	913.983	0.078307	0.084622	0.085605
185.00	914.029	0.078303	0.084618	0.085601
185.50	914.075	0.078299	0.084614	0.085597
186.00	914.120	0.078295	0.084610	0.085592
186.50	914.164	0.078291	0.084606	0.085588
187.00	914.207	0.078287	0.084602	0.085584
187.50	914.250	0.078284	0.084598	0.085580
188.00	914.292	0.078280	0.084594	0.085576
188.50	914.334	0.078277	0.084590	0.085572
189.00	914.375	0.078273	0.084586	0.085569
189.50	914.415	0.078270	0.084582	0.085565
190.00	914.454	0.078266	0.084579	0.085561
190.50	914.494	0.078263	0.084575	0.085557
191.00	914.532	0.078260	0.084572	0.085554
191.50	914.570	0.078256	0.084568	0.085550
192.00	914.607	0.078253	0.084565	0.085547
192.50	914.644	0.078250	0.084561	0.085543
193.00	914.680	0.078247	0.084558	0.085540
193.50	914.715	0.078244	0.084555	0.085537
194.00	914.750	0.078241	0.084551	0.085533
194.50	914.785	0.078238	0.084548	0.085530
195.00	914.819	0.078235	0.084545	0.085527
195.50	914.852	0.078232	0.084542	0.085524
196.00	914.885	0.078229	0.084539	0.085521
196.50	914.918	0.078227	0.084536	0.085518
197.00	914.950	0.078224	0.084533	0.085515
197.50	914.981	0.078221	0.084530	0.085512
198.00	915.012	0.078219	0.084527	0.085509
198.50	915.043	0.078216	0.084524	0.085506
199.00	915.073	0.078213	0.084522	0.085503
199.50	915.102	0.078211	0.084519	0.085501
200.00	915.131	0.078208	0.084516	0.085498
200.50	915.160	0.078206	0.084514	0.085495
201.00	915.188	0.078204	0.084511	0.085493
201.50	915.216	0.078201	0.084508	0.085490
202.00	915.243	0.078199	0.084506	0.085487
202.50	915.270	0.078197	0.084503	0.085485
203.00	915.297	0.078194	0.084501	0.085482
203.50	915.323	0.078192	0.084499	0.085480
204.00	915.349	0.078190	0.084496	0.085478
204.50	915.374	0.078188	0.084494	0.085475
205.00	915.399	0.078186	0.084492	0.085473
205.50	915.423	0.078183	0.084489	0.085471
206.00	915.448	0.078181	0.084487	0.085468
206.50	915.471	0.078179	0.084485	0.085466
207.00	915.495	0.078177	0.084483	0.085464
207.50	915.518	0.078175	0.084481	0.085462
208.00	915.541	0.078173	0.084478	0.085460
208.50	915.563	0.078172	0.084476	0.085458
209.00	915.585	0.078170	0.084474	0.085455
209.50	915.607	0.078168	0.084472	0.085453
210.00	915.628	0.078166	0.084470	0.085451
210.50	915.649	0.078164	0.084468	0.085449
211.00	915.670	0.078162	0.084467	0.085448
211.50	915.690	0.078161	0.084465	0.085446
212.00	915.711	0.078159	0.084463	0.085444
212.50	915.730	0.078157	0.084461	0.085442
213.00	915.750	0.078156	0.084459	0.085440
213.50	915.769	0.078154	0.084457	0.085438
214.00	915.788	0.078152	0.084456	0.085437
214.50	915.807	0.078151	0.084454	0.085435
215.00	915.825	0.078149	0.084452	0.085433
215.50	915.843	0.078148	0.084451	0.085431
216.00	915.861	0.078146	0.084449	0.085430
216.50	915.878	0.078145	0.084447	0.085428
217.00	915.895	0.078143	0.084446	0.085427
217.50	915.912	0.078142	0.084444	0.085425
218.00	915.929	0.078140	0.084443	0.085423
218.50	915.945	0.078139	0.084441	0.085422
219.00	915.962	0.078138	0.084440	0.085420
219.50	915.978	0.078136	0.084438	0.085419
220.00	915.993	0.078135	0.084437	0.085417
220.50	916.009	0.078133	0.084435	0.085416
221.00	916.024	0.078132	0.084434	0.085415
221.50	916.039	0.078131	0.084433	0.085413
222.00	916.054	0.078130	0.084431	0.085412
222.50	916.068	0.078128	0.084430	0.085410
223.00	916.083	0.078127	0.084428	0.085409
223.50	916.097	0.078126	0.084427	0.085408
224.00	916.111	0.078125	0.084426	0.085406
224.50	916.124	0.078124	0.084425	0.085405
225.00	916.138	0.078123	0.084423	0.085404
225.50	916.151	0.078121	0.084422	0.085403
226.00	916.164	0.078120	0.084421	0.085402
226.50	916.177	0.078119	0.084420	0.085400
227.00	916.189	0.078118	0.084419	0.085399
227.50	916.202	0.078117	0.084417	0.085398
228.00	916.214	0.078116	0.084416	0.085397
228.50	916.226	0.078115	0.084415	0.085396
229.00	916.238	0.078114	0.084414	0.085395
229.50	916.250	0.078113	0.084413	0.085394
230.00	916.261	0.078112	0.084412	0.085392
230.50	916.273	0.078111	0.084411	0.085391
231.00	916.284	0.078110	0.084410	0.085390
231.50	916.295	0.078109	0.084409	0.085389
232.00	916.306	0.078108	0.084408	0.085388
232.50	916.316	0.078107	0.084407	0.085387
233.00	916.327	0.078106	0.084406	0.085386
233.50	916.337	0.078105	0.084405	0.085385
234.00	916.347	0.078105	0.084404	0.085384
234.50	916.357	0.078104	0.084403	0.085383
235.00	916.367	0.078103	0.084402	0.085383
235.50	916.377	0.078102	0.084401	0.085382
236.00	916.386	0.078101	0.084400	0.085381
236.50	916.396	0.078100	0.084400	0.085380
237.00	916.405	0.078100	0.084399	0.085379
237.50	916.414	0.078099	0.084398	0.085378
238.00	916.423	0.078098	0.084397	0.085377
238.50	916.432	0.078097	0.084396	0.085377
239.00	916.441	0.078097	0.084395	0.085376
239.50	916.449	0.078096	0.084395	0.085375
240.00	916.458	0.078095	0.084394	0.085374
240.50	916.466	0.078094	0.084393	0.085373
241.00	916.474	0.078094	0.084392	0.085373
241.50	916.483	0.078093	0.084392	0.085372
242.00	916.490	0.078092	0.084391	0.085371
242.50	916.498	0.078092	0.084390	0.085370
243.00	916.506	0.078091	0.084389	0.085370
243.50	916.514	0.078090	0.084389	0.085369
244.00	916.521	0.078090	0.084388	0.085368
244.50	916.528	0.078089	0.084387	0.085368
245.00	916.536	0.078089	0.084387	0.085367
245.50	916.543	0.078088	0.084386	0.085366
246.00	916.550	0.078087	0.084385	0.085366
246.50	916.557	0.078087	0.084385	0.085365
247.00	916.564	0.078086	0.084384	0.085364
247.50	916.570	0.078086	0.084384	0.085364
248.00	916.577	0.078085	0.084383	0.085363
248.50	916.583	0.078085	0.084382	0.085362
249.00	916.590	0.078084	0.084382	0.085362
249.50	916.596	0.078083	0.084381	0.085361
250.00	916.602	0.078083	0.084381	0.085361
250.50	916.608	0.078082	0.084380	0.085360
251.00	916.614	0.078082	0.084379	0.085360
251.50	916.620	0.078081	0.084379	0.085359
252.00	916.626	0.078081	0.084378	0.085358
252.50	916.632	0.078080	0.084378	0.085358
253.00	916.638	0.078080	0.084377	0.085357
253.50	916.643	0.078079	0.084377	0.085357
254.00	916.649	0.078079	0.084376	0.085356
254.50	916.654	0.078078	0.084376	0.085356
255.00	916.659	0.078078	0.084375	0.085355
255.50	916.665	0.078078	0.084375	0.085355
256.00	916.670	0.078077	0.084374	0.085354
256.50	916.675	0.078077	0.084374	0.085354
257.00	916.680	0.078076	0.084373	0.085353
257.50	916.685	0.078076	0.084373	0.085353
258.00	916.690	0.078075	0.084373	0.085353
258.50	916.694	0.078075	0.084372	0.085352
259.00	916.699	0.078075	0.084372	0.085352
259.50	916.704	0.078074	0.084371	0.085351
260.00	916.708	0.078074	0.084371	0.085351
260.50	916.713	0.078073	0.084370	0.085350
261.00	916.717	0.078073	0.084370	0.085350
261.50	916.721	0.078073	0.084370	0.085350
262.00	916.726	0.078072	0.084369	0.085349
262.50	916.730	0.078072	0.084369	0.085349
263.00	916.734	0.078072	0.084368	0.085348
263.50	916.738	0.078071	0.084368	0.085348
264.00	916.742	0.078071	0.084368	0.085348
264.50	916.746	0.078071	0.084367	0.085347
265.00	916.750	0.078070	0.084367	0.085347
265.50	916.754	0.078070	0.084367	0.085347
266.00	916.758	0.078070	0.084366	0.085346
266.50	916.761	0.078069	0.084366	0.085346
267.00	916.765	0.078069	0.084366	0.085346
267.50	916.769	0.078069	0.084365	0.085345
268.00	916.772	0.078068	0.084365	0.085345
268.50	916.776	0.078068	0.084365	0.085345
269.00	916.779	0.078068	0.084364	0.085344
269.50	916.783	0.078068	0.084364	0.085344
270.00	916.786	0.078067	0.084364	0.085344
270.50	916.789	0.078067	0.084363	0.085343
271.00	916.792	0.078067	0.084363	0.085343
271.50	916.796	0.078066	0.084363	0.085343
272.00	916.799	0.078066	0.084363	0.085342
272.50	916.802	0.078066	0.084362	0.085342
273.00	916.805	0.078066	0.084362	0.085342
273.50	916.808	0.078065	0.084362	0.085342
274.00	916.811	0.078065	0.084361	0.085341
274.50	916.814	0.078065	0.084361	0.085341
275.00	916.817	0.078065	0.084361	0.085341
275.50	916.819	0.078064	0.084361	0.085340
276.00	916.822	0.078064	0.084360	0.085340
276.50	916.825	0.078064	0.084360	0.085340
277.00	916.828	0.078064	0.084360	0.085340
277.50	916.830	0.078063	0.084360	0.085339
278.00	916.833	0.078063	0.084359	0.085339
278.50	916.835	0.078063	0.084359	0.085339
279.00	916.838	0.078063	0.084359	0.085339
279.50	916.840	0.078063	0.084359	0.085338
280.00	916.843	0.078062	0.084358	0.085338
280.50	916.845	0.078062	0.084358	0.085338
281.00	916.848	0.078062	0.084358	0.085338
281.50	916.850	0.078062	0.084358	0.085338
282.00	916.852	0.078062	0.084358	0.085337
282.50	916.855	0.078061	0.084357	0.085337
283.00	916.857	0.078061	0.084357	0.085337
283.50	916.859	0.078061	0.084357	0.085337
284.00	916.861	0.078061	0.084357	0.085337
284.50	916.863	0.078061	0.084357	0.085336
285.00	916.865	0.078060	0.084356	0.085336
285.50	916.868	0.078060	0.084356	0.085336
286.00	916.870	0.078060	0.084356	0.085336
286.50	916.872	0.078060	0.084356	0.085336
287.00	916.874	0.078060	0.084356	0.085335
287.50	916.875	0.078060	0.084355	0.085335
288.00	916.877	0.078059	0.084355	0.085335
288.50	916.879	0.078059	0.084355	0.085335
289.00	916.881	0.078059	0.084355	0.085335
289.50	916.883	0.078059	0.084355	0.085335
290.00	916.885	0.078059	0.084355	0.085334
290.50	916.887	0.078059	0.084354	0.085334
291.00	916.888	0.078059	0.084354	0.085334
291.50	916.890	0.078058	0.084354	0.085334
292.00	916.892	0.078058	0.084354	0.085334
292.50	916.893	0.078058	0.084354	0.085334
293.00	916.895	0.078058	0.084354	0.085333
293.50	916.897	0.078058	0.084354	0.085333
294.00	916.898	0.078058	0.084353	0.085333
294.50	916.900	0.078058	0.084353	0.085333
295.00	916.901	0.078057	0.084353	0.085333
295.50	916.903	0.078057	0.084353	0.085333
296.00	916.904	0.078057	0.084353	0.085333
296.50	916.906	0.078057	0.084353	0.085332
297.00	916.907	0.078057	0.084353	0.085332
297.50	916.909	0.078057	0.084352	0.085332
298.00	916.910	0.078057	0.084352	0.085332
298.50	916.911	0.078057	0.084352	0.085332
299.00	916.913	0.078056	0.084352	0.085332
299.50	916.914	0.078056	0.084352	0.085332
