sigma_18, sigma_D, sigma_17, diff1, diff2, diff2_17O, divis
8.406120053265504766e-02 7.947351935886927399e-02 8.866238520941448209e-02 7.502451557066759300e-04 9.119011001867383635e-04 1.292218191334554029e-03 1.118784099298311796e+00
8.380336999337670290e-02 7.831880949671983505e-02 8.617316281854034421e-02 8.891689012632975758e-04 8.364839699529434376e-04 1.171057602919501521e-03 1.144961311766019563e+00
8.553853561941397732e-02 7.710383400989807845e-02 8.676488505344545632e-02 1.371839856887838160e-03 8.719254877910193394e-04 1.091568599245406777e-03 1.230755185128896034e+00
8.344519743595311956e-02 7.628103226184948515e-02 8.495631654130088306e-02 1.144305092191875636e-03 9.941047380222819540e-04 1.262887143735232998e-03 1.196656682106370440e+00
8.448343677353492565e-02 7.951261635819563411e-02 8.732004923540406804e-02 8.151949289422737860e-04 1.030111407842897045e-03 1.222523354881977203e-03 1.128940509257391200e+00
8.184912084459758375e-02 7.528519169241346121e-02 8.501737673633787129e-02 1.031418494870097249e-03 9.191673708863653787e-04 1.165895758942186783e-03 1.181976703522388483e+00
8.621741533913816757e-02 7.788062785107448260e-02 8.795453989187959620e-02 1.368050513283898886e-03 1.003434601387733329e-03 1.276889074477305201e-03 1.225550214960458240e+00
8.671110632917185257e-02 7.821381374750940862e-02 8.535882123512147923e-02 1.401415299898854487e-03 8.593692613846368265e-04 1.242459838319414332e-03 1.229086727774633347e+00
8.305991684630123495e-02 7.577219893809394868e-02 8.393085697314756066e-02 1.157523654600390098e-03 1.000321808904421506e-03 1.177957742901414957e-03 1.201609082483221513e+00
8.476809709487612143e-02 7.826821027908774375e-02 8.569608396833074127e-02 1.059717544794848941e-03 1.141526138387757763e-03 1.194198538276897061e-03 1.172989330687792764e+00
8.303103423328843380e-02 7.643501489289691864e-02 8.544345429249773638e-02 1.051841144172142514e-03 1.164200662145540438e-03 1.248262503674310575e-03 1.180038524797959010e+00
8.562357523497453327e-02 7.802234576517705356e-02 8.648801444343245937e-02 1.243910197318502664e-03 9.994562466726514011e-04 1.289137804537233154e-03 1.204338885982630725e+00
8.051943225614435762e-02 7.615984102498811470e-02 8.236779828360378530e-02 6.830575859003576791e-04 1.075101624928847133e-03 1.236490944241618950e-03 1.117762023958276396e+00
8.401003153592209727e-02 7.831810691385059087e-02 8.540832236455479787e-02 9.239595280972935643e-04 1.031575440524773847e-03 1.175134863879949334e-03 1.150635934437600039e+00
8.440021624066641748e-02 7.715584177151850465e-02 8.554517458219401682e-02 1.170372581999651850e-03 9.946736237496098601e-04 1.187004337922453658e-03 1.196601357197895510e+00
9.123130054624767338e-02 8.024166277847576134e-02 9.000435975221424134e-02 1.884425753905148715e-03 1.029623162317366272e-03 1.370510966319255864e-03 1.292670663245333751e+00
8.305958038135095867e-02 7.627451762173448335e-02 8.413209333836081660e-02 1.081091854697817031e-03 9.592597495628334180e-04 1.216052458935205178e-03 1.185824792173554298e+00
8.495659942921576779e-02 8.102559953203654353e-02 8.745649037242909929e-02 6.524760070502639425e-04 9.012341890972388418e-04 1.351777580981869354e-03 1.099384816452277480e+00
8.321726879544577571e-02 7.581012326598698947e-02 8.525505080640340128e-02 1.177939036169331662e-03 1.028873258138535314e-03 1.277824234559711601e-03 1.204959667887613772e+00
8.248825951154163671e-02 7.725283925024482856e-02 8.585516636799307710e-02 8.363117850192719818e-04 1.009482500936286723e-03 1.303208805102127471e-03 1.140132644227948910e+00
8.490654397895579242e-02 7.926883273664467322e-02 8.782487806179173351e-02 9.255733670202040062e-04 1.033174742508297019e-03 1.100101165396047366e-03 1.147301077366340127e+00
8.230553890584418886e-02 7.628664295240414339e-02 8.497713132903030042e-02 9.545498416338388595e-04 1.085371376727864738e-03 1.248907592411072727e-03 1.164021810787443822e+00
8.643601496625212544e-02 7.820094644333101808e-02 8.730067835908750240e-02 1.355796658613434881e-03 1.026351669899380108e-03 1.119401238134587256e-03 1.221702474667559768e+00
8.497826182980533494e-02 7.930018814173915576e-02 8.661207808538605446e-02 9.327851442997225559e-04 1.174622736368903519e-03 1.294162553886771911e-03 1.148331430628243943e+00
8.560211125867987769e-02 7.786708220279618675e-02 8.762124022632421239e-02 1.264438961166390075e-03 1.246555318756989439e-03 1.229760841100437660e-03 1.208540334891167189e+00
8.573943488711775751e-02 7.768438043982874019e-02 8.823706133714280531e-02 1.316387730442260089e-03 1.083689261014704084e-03 1.223827156640425271e-03 1.218130509048034105e+00
8.425474615396807976e-02 7.791454235891849545e-02 8.664727679764194779e-02 1.028186338469893983e-03 1.087428749525267682e-03 1.259110327336423725e-03 1.169369334410832462e+00
8.324832003562863958e-02 7.620283358241262961e-02 8.556508421996428249e-02 1.123410942765573975e-03 9.740750035049737911e-04 1.189722493209411074e-03 1.193462327490760311e+00
8.669008838077854606e-02 7.867572914942634610e-02 8.820193559060843236e-02 1.325301066273301166e-03 9.833531390951440014e-04 1.246421435233530583e-03 1.214108049085879548e+00
8.493075047567864855e-02 7.837400530767091311e-02 8.744121217789067868e-02 1.070747668395160765e-03 9.568742784516096707e-04 1.159481256270321120e-03 1.174318328706035919e+00
8.441224806231266420e-02 7.633851990740536664e-02 8.702109802999481725e-02 1.297858001280082635e-03 1.133912271924192522e-03 1.225551020755427829e-03 1.222709994996485472e+00
8.342471232337932141e-02 7.893664671420792811e-02 8.566551712257768070e-02 7.286884317549242526e-04 9.976321017183865675e-04 1.122634980562901450e-03 1.116945772859174735e+00
8.401251176799559572e-02 7.851279649416280371e-02 8.705349031247403002e-02 8.938429202337760601e-04 1.114764924102254213e-03 1.264360910185555360e-03 1.145004109869409037e+00
8.601687493362433767e-02 7.716811773074599978e-02 8.644096779442883571e-02 1.443984379240495497e-03 9.665635831866747690e-04 1.246429683848804043e-03 1.242486006301890100e+00
8.496441963923720420e-02 7.798256568598913030e-02 8.637843513405081552e-02 1.137672053662787917e-03 1.028591718079971927e-03 1.226069190771337299e-03 1.187077712354743353e+00
8.431009364620488389e-02 7.830157027357451116e-02 8.662656469041560281e-02 9.770559833243092421e-04 1.059797119209918105e-03 1.157076613409988106e-03 1.159359700730134390e+00
8.422638571583995759e-02 7.679784071678107116e-02 8.656305720766707679e-02 1.196175711993372956e-03 1.056778241699313529e-03 1.308228688355827455e-03 1.202813547326990973e+00
8.538032373031691213e-02 7.780721302582822851e-02 8.640258825971344758e-02 1.235837281447103517e-03 1.073154985525905233e-03 1.223151894678074260e-03 1.204136927193758533e+00
8.176411376353207028e-02 7.599798589075879018e-02 8.493262474643621662e-02 9.096764400838425191e-04 1.125976047075469061e-03 1.369827426960883209e-03 1.157500806348167099e+00
8.387425658361631620e-02 7.748946608070726716e-02 8.694336367483894434e-02 1.030273563981222787e-03 1.070479163538338302e-03 1.061535428663143562e-03 1.171580219576408233e+00
8.555254759881662785e-02 7.873660230507767421e-02 8.558677351011213796e-02 1.119785858099821979e-03 1.123849376281846942e-03 1.223819229752152972e-03 1.180626571526200097e+00
8.527779663606711857e-02 7.854601937859649607e-02 8.634948770541565899e-02 1.102825438879563753e-03 1.064277877844256462e-03 1.194445186476530757e-03 1.178755089003316270e+00
8.565780273944439971e-02 7.897224305137105771e-02 8.789271566703139860e-02 1.100643997584744085e-03 1.038675455345145025e-03 1.210289241715155730e-03 1.176480986421373442e+00
8.119151421415879422e-02 7.582053793403906172e-02 8.443799597368976950e-02 8.433080077808931957e-04 8.863153574471723797e-04 1.173670618104263657e-03 1.146694050884639493e+00
8.535670550867043016e-02 7.720819352727399665e-02 8.558207131891658326e-02 1.324662027548894477e-03 1.212576873121897630e-03 1.361013033550017258e-03 1.222217524220319484e+00
8.635932490535873363e-02 7.805513857579370052e-02 8.765729738559852047e-02 1.365328340022955826e-03 7.986767409944383429e-04 1.152767074853584990e-03 1.224096001077443097e+00
8.334236045467638410e-02 7.604325261758708432e-02 8.512692873150781714e-02 1.163372777495040762e-03 1.183590139808140965e-03 1.172740449978863005e-03 1.201185894218079309e+00
8.241102536961719682e-02 7.714409905717535543e-02 8.510916634880151543e-02 8.403650831284052367e-04 1.119535408659255368e-03 1.201118438065936324e-03 1.141209064707652487e+00
8.449465916396299570e-02 7.909927715353584632e-02 8.754038309873336809e-02 8.826517810223977190e-04 1.109847487725221064e-03 1.280385261594836274e-03 1.141073152816183489e+00
8.933943504111183098e-02 8.046131931298437789e-02 8.846933894397973619e-02 1.507510747879007955e-03 8.630262528077195560e-04 1.114869907227271709e-03 1.232855295232733184e+00
8.420733510334106608e-02 7.775369698871893720e-02 8.619062539532670875e-02 1.045237889792856659e-03 1.124353069942713975e-03 1.226084657498634645e-03 1.172891263803849560e+00
8.575224440160436612e-02 7.976459682330583334e-02 8.804627779638178608e-02 9.910565135279568449e-04 9.360108821295955303e-04 1.287971035351039538e-03 1.155767938202830525e+00
8.628221242298698967e-02 7.947281636474294586e-02 8.780297755946228633e-02 1.128691639661296396e-03 1.156154435875254025e-03 1.258210872399971765e-03 1.178705574698058589e+00
8.461129338274252232e-02 7.936239924440706417e-02 8.746694339160457354e-02 8.606805540718655972e-04 1.040663350964349211e-03 1.393730850687530110e-03 1.136650873877580903e+00
8.294171115121073967e-02 7.515723498965772020e-02 8.426223245769837167e-02 1.230717477400245299e-03 9.792261465911150393e-04 1.262061808786640827e-03 1.217879705565693804e+00
8.442281449525640413e-02 7.847302791915300446e-02 8.638331670523899386e-02 9.691954965003078334e-04 1.098276130705053795e-03 1.343052973214393150e-03 1.157387619496560882e+00
8.447343143083992090e-02 7.873252005266181963e-02 8.638306900578081315e-02 9.369509038580185745e-04 1.033141656961406724e-03 1.142213046634916627e-03 1.151150131575369828e+00
8.289359140281005178e-02 7.438774781812014514e-02 8.384785189397930827e-02 1.337810470203786538e-03 1.095455518069411108e-03 1.321690175958235109e-03 1.241764076765069058e+00
8.391019065168663082e-02 7.955200063656518716e-02 8.606449223803515347e-02 7.123992899223299119e-04 1.070320413281044191e-03 1.315962777875643187e-03 1.112569637019752644e+00
8.653148290834976331e-02 8.138159158395620596e-02 8.804391814795960169e-02 8.647340855801755738e-04 1.047760376644239029e-03 1.230061274026583501e-03 1.130566036227327986e+00
8.319146144758618466e-02 7.601230562987074113e-02 8.476140473486164229e-02 1.142948650616338983e-03 1.095864271500515425e-03 1.172889303110055161e-03 1.197814857466386940e+00
8.650473911756305367e-02 7.823254488524936101e-02 8.591620208978968665e-02 1.362738810575087577e-03 9.628355511796300335e-04 1.181754285000671855e-03 1.222657694973617648e+00
7.990853856755021634e-02 7.470294571577762444e-02 8.383949331038906272e-02 8.048444373872417484e-04 8.847642989779848539e-04 1.157056508040691604e-03 1.144223653159235798e+00
8.461388948172575419e-02 7.634478893409164801e-02 8.421581163092525801e-02 1.330983495834697078e-03 9.342263012343649496e-04 1.167978103265744985e-03 1.228356760138853421e+00
8.588476390331833965e-02 7.858770413802722288e-02 8.651193520139507931e-02 1.200165429042631716e-03 1.047803033205595971e-03 1.166058709925871326e-03 1.194326446771788897e+00
8.336541231634030102e-02 7.800123749347452617e-02 8.572974343088844706e-02 8.655989201600067587e-04 9.677221305590457410e-04 1.205129514979327073e-03 1.142270127356817433e+00
8.479952195436098183e-02 7.970748208569328197e-02 8.757693656105575153e-02 8.376762232470344460e-04 9.977723688331695869e-04 1.209924079060816947e-03 1.131849354537438401e+00
8.031782713926310935e-02 7.761648978087232198e-02 8.424536452822529997e-02 4.266338704682912444e-04 8.864166368174603147e-04 1.095230863835999898e-03 1.070818599754965073e+00
8.483352166522672988e-02 7.758422553399367538e-02 8.612425095739245640e-02 1.177414346414896659e-03 1.030446872824750809e-03 1.355787585645512995e-03 1.195606131780539538e+00
8.276554905530078554e-02 7.603485231753183415e-02 8.380262522822040649e-02 1.068837343476525432e-03 9.745340110020866021e-04 1.123019097495207928e-03 1.184878413408932518e+00
8.493038132996427736e-02 7.693478158652641841e-02 8.705035901535987386e-02 1.294209055086620319e-03 1.220986911906972753e-03 1.342658572592260327e-03 1.218654783950054554e+00
8.047648941082800877e-02 7.676184407168985813e-02 8.337436514635458706e-02 5.840846426046850809e-04 1.001909276321778005e-03 1.270308784982101397e-03 1.099125408186994113e+00
8.865068883956880863e-02 7.951820569243123193e-02 8.903741380054824850e-02 1.535799595186247528e-03 1.129198470840047383e-03 1.241550759976035780e-03 1.242885397426484850e+00
8.524236470223027495e-02 7.840680448137764269e-02 8.667709010083617105e-02 1.118633751047052628e-03 1.139255474997927968e-03 1.348395497890268356e-03 1.181961877819212914e+00
8.456759292155600904e-02 7.894566524015042552e-02 8.596683646200163620e-02 9.192597123361149689e-04 1.093402236517688076e-03 1.250824837733210265e-03 1.147496477844613061e+00
8.386945449824252663e-02 7.776933633934871026e-02 8.625269433083543325e-02 9.860157231700297439e-04 1.115645406485323444e-03 1.299617036999752093e-03 1.163029822110144940e+00
8.458617816415081592e-02 7.695031670480594055e-02 8.609122950768353932e-02 1.233470295447528821e-03 9.643202428067494886e-04 1.252852444246391021e-03 1.208308922279956343e+00
8.213920690750728393e-02 7.793396341103796254e-02 8.641859954852564030e-02 6.731466584412888060e-04 1.011983903958392885e-03 1.153116972095887980e-03 1.110829702556151322e+00
8.443233033380759256e-02 7.853530208846372374e-02 8.568783288189939229e-02 9.610247314709510769e-04 1.104273548761476381e-03 1.203544770642734924e-03 1.155813372211594414e+00
8.513459432514802749e-02 7.861202922729000619e-02 8.648891347142692587e-02 1.068048011675228753e-03 1.026305207550040881e-03 1.220813411473619346e-03 1.172827465842147809e+00
8.081992952389442653e-02 7.525871213162481366e-02 8.436069336434670607e-02 8.679872565364905868e-04 1.026216129663969382e-03 1.246994807673371727e-03 1.153249753540907419e+00
8.263008975365136732e-02 7.733807787504445863e-02 8.317370879766142200e-02 8.465534432900399808e-04 1.083361588341031842e-03 1.259333609339891545e-03 1.141536232883980873e+00
8.504924935745550307e-02 8.035817161122522923e-02 8.633116652137323710e-02 7.759390715675208022e-04 1.038780457601144258e-03 1.264763370005605710e-03 1.120162104935304326e+00
8.418306516268303508e-02 7.648953650327111609e-02 8.472016443266795760e-02 1.236139265699293978e-03 9.649748461140381615e-04 1.287029419549429350e-03 1.211282410653584440e+00
8.484666123995825149e-02 7.855258875865474277e-02 8.738358753001139456e-02 1.028446722881902475e-03 1.112650848980280792e-03 1.273631943423567461e-03 1.166671289100016384e+00
8.394544823066456274e-02 7.625298628313514904e-02 8.542259696062372287e-02 1.232320361551186849e-03 1.167803676531871783e-03 1.181652778927029480e-03 1.211938526825738549e+00
8.472837664499302535e-02 7.906751044129997630e-02 8.651988219859770013e-02 9.272266015107185830e-04 9.921729237839750290e-04 1.090578386707252842e-03 1.148316597394851479e+00
8.575679097272612128e-02 7.789098988215503727e-02 8.695019872051833187e-02 1.287220893117862162e-03 1.027267642577737224e-03 1.291039513095763912e-03 1.212167390051135385e+00
8.757492688577431239e-02 7.991208363844373719e-02 9.065770769627251591e-02 1.283426707611089353e-03 1.051925568408748016e-03 1.185544474954310654e-03 1.200976909309794616e+00
8.740934103575236092e-02 8.138728946861227553e-02 8.853497876382976361e-02 1.016502013256774875e-03 1.027182712901140429e-03 1.325631604412612482e-03 1.153459957386139267e+00
8.537809290424815123e-02 7.888008716660781239e-02 8.643124715320403550e-02 1.067350596554781164e-03 9.168119934711805533e-04 1.235422039525164951e-03 1.171542736366946391e+00
8.414557978087400247e-02 7.837449533104205723e-02 8.586116623942555148e-02 9.379170782638978840e-04 1.080573820827124623e-03 1.183784611621449675e-03 1.152691523797532369e+00
8.582043826403068509e-02 7.733692826998612990e-02 8.776368399252329477e-02 1.384147149593322607e-03 9.360888843007513990e-04 1.165061756755197573e-03 1.231424016024660784e+00
8.657006841145983844e-02 7.812028138753125683e-02 8.746085054456105567e-02 1.391598380697773620e-03 9.869698468480628956e-04 1.236381737603167502e-03 1.228027022723199968e+00
8.492271943479676177e-02 7.726287022504044200e-02 8.704757614648783726e-02 1.242317160789766645e-03 1.123443374198864831e-03 1.280408398448889574e-03 1.208108974489305876e+00
8.641906481452393818e-02 7.657087763911571421e-02 8.516392833226274495e-02 1.605155460992458219e-03 9.849433341953134097e-04 1.195843086592234721e-03 1.273772518287165312e+00
8.210233656428481130e-02 7.593052258142746203e-02 8.452533490127761562e-02 9.753494098264326936e-04 1.191624904637969421e-03 1.334438346827681882e-03 1.169171596485599540e+00
8.360923382299272066e-02 7.651304342931780633e-02 8.509495348887834154e-02 1.136258165651196986e-03 1.006523781857599550e-03 1.237948049372556173e-03 1.194091297426461029e+00
8.248224175653409707e-02 7.672715982993598416e-02 8.515296352303665384e-02 9.162631496147950055e-04 1.108466396324779427e-03 1.246825648212473298e-03 1.155640269996721869e+00
8.736301610502907045e-02 7.678693114267927389e-02 8.443855047923416735e-02 1.736063788657000312e-03 1.257179608443234576e-03 1.437825589336672342e-03 1.294436100001372880e+00
8.167749565054754912e-02 7.516874516583238464e-02 8.261486032056965245e-02 1.020873045939363691e-03 1.073555825146922920e-03 1.353159915482323675e-03 1.180674614413608436e+00
8.655001388196162382e-02 8.061673952021622402e-02 8.771164756516543204e-02 9.918462120973572591e-04 1.177397455104809473e-03 1.240871860091953332e-03 1.152613825982316653e+00
8.809505314582526114e-02 7.900773076816318408e-02 8.766034991639605478e-02 1.518516867631217876e-03 9.811256210211461923e-04 1.092534213007240358e-03 1.243265456454871076e+00
8.485706453154236162e-02 7.685254114001603687e-02 8.645911670158161477e-02 1.294408321232487155e-03 1.020655228017597295e-03 1.362681783281436809e-03 1.219156740215181278e+00
8.288689790595590856e-02 7.664942067627723843e-02 8.559575636163573031e-02 9.951041544634412969e-04 1.079009911814771171e-03 1.140868745257376821e-03 1.169375576279342743e+00
8.714226177968745213e-02 7.900881131697504167e-02 8.858842644996997584e-02 1.351381522358212697e-03 9.184127539624389923e-04 1.209031452403272998e-03 1.216484556694555685e+00
8.652232277335844546e-02 8.082518244878426905e-02 8.750907800809966386e-02 9.534022202179566127e-04 1.050418742311572898e-03 1.181184156163383276e-03 1.145942832762256947e+00
8.406498562497563554e-02 7.789999752061524396e-02 8.552249139885996498e-02 9.985121944154993351e-04 9.094919898628552133e-04 1.155023861189663449e-03 1.164542649223828441e+00
8.469954761435664892e-02 7.828071714240064649e-02 8.680748062449611391e-02 1.046142689748130912e-03 1.055740693581175890e-03 1.321627839231819803e-03 1.170718793689510040e+00
8.488448755996932937e-02 7.770648881217688542e-02 8.626153108696886507e-02 1.167077824801615767e-03 1.100072596346711928e-03 1.231954220077319164e-03 1.193279256308674263e+00
8.358945236955361846e-02 7.631340234908384756e-02 8.577512644255266827e-02 1.163461169348717524e-03 9.509833886928636742e-04 1.293652150467286153e-03 1.199779195621636374e+00
8.404842024033899739e-02 7.898014768077844805e-02 8.681807217612255712e-02 8.262732172190524055e-04 1.007354185924955138e-03 1.058483490416043315e-03 1.132460927857858568e+00
8.617471940333705505e-02 7.790902366362864595e-02 8.707445793986934302e-02 1.356266296024027408e-03 1.184689311970091525e-03 1.386362854161013762e-03 1.223444384990438616e+00
8.347904696509889089e-02 7.770489773016391044e-02 8.573222545576766884e-02 9.307001509459541036e-04 1.127179962657052668e-03 1.188880419749500147e-03 1.154139163566916260e+00
8.301485728877838755e-02 7.686379296052438248e-02 8.642223438727683615e-02 9.834238623978846378e-04 1.076090514857201393e-03 1.262794387724602884e-03 1.166455104950090194e+00
8.211486442376254857e-02 7.637267416246745766e-02 8.467393429964067963e-02 9.100656006064793135e-04 9.225073696853974565e-04 1.236960898377612592e-03 1.156025902658141202e+00
8.240755430775413559e-02 7.592247520920042403e-02 8.377168260825260115e-02 1.026782765093794264e-03 9.165344915591873334e-04 1.189258526337238229e-03 1.178130322184946399e+00
8.725403898072323083e-02 7.870622958957312898e-02 8.766326824936063189e-02 1.418596742242972213e-03 1.053813769270775351e-03 1.223358973448232957e-03 1.229002773398754744e+00
8.594407657685643187e-02 7.815263924584750499e-02 8.668972472831799891e-02 1.278549277556978621e-03 1.098393986816686334e-03 1.192779294593455681e-03 1.209329373360919391e+00
8.569969287662845825e-02 7.822859676540235008e-02 8.569019190809859521e-02 1.224724007264523136e-03 9.589923933721939591e-04 1.170535184471244378e-03 1.200127675406152505e+00
8.495297457562903110e-02 7.732634704363065825e-02 8.494454606809513642e-02 1.237643942135465205e-03 1.093325563965306772e-03 1.234779109752606394e-03 1.206985885636421063e+00
8.444272266589748777e-02 7.696283476351885311e-02 8.533224072555156692e-02 1.207295476392970801e-03 1.125146674509877034e-03 1.304244390350623329e-03 1.203822189280107535e+00
8.216664803539708295e-02 7.631532154329270790e-02 8.447764479677793981e-02 9.273297471166673175e-04 9.340616553815279379e-04 1.136292657678119548e-03 1.159224800943606581e+00
8.574249266651466639e-02 7.762877587208423524e-02 8.797613695895971364e-02 1.325548205269033719e-03 9.831576048143534589e-04 1.177489903150203809e-03 1.219963210764488215e+00
8.054783515256568049e-02 7.590598227610567683e-02 8.577253288866826253e-02 7.262356024644259916e-04 1.070947093561691425e-03 1.347209464284797277e-03 1.126044972029181634e+00
8.425541532786294530e-02 7.709518009667620797e-02 8.552740594387325812e-02 1.155308217931742820e-03 1.017553664443028409e-03 1.215829632755446215e-03 1.194376343416658992e+00
8.525232506835776769e-02 7.792184567977496201e-02 8.615542709931325871e-02 1.196144895418278266e-03 1.018022487239359907e-03 1.152476766064546368e-03 1.196999593316295352e+00
8.311674032804218515e-02 7.662888267191399205e-02 8.552306176638288515e-02 1.036406863213234532e-03 1.037358952847038411e-03 1.104912297273167015e-03 1.176500237450064157e+00
8.483593743388369302e-02 7.775575141529705858e-02 8.639046922533211159e-02 1.151179402128357961e-03 8.388693043010451988e-04 1.130031282220400135e-03 1.190404831745869974e+00
8.828890242857764803e-02 8.154619214777063252e-02 8.926737894822560360e-02 1.145148838241774950e-03 9.011944558166117957e-04 1.107652043033407986e-03 1.172208492293711046e+00
8.174831087584254197e-02 7.529143656142774088e-02 8.467623113242880861e-02 1.013985911569897924e-03 9.713018783249267223e-04 1.214376589152251157e-03 1.178871337238273309e+00
8.362705509776677260e-02 7.899231231988816659e-02 8.773277728401046582e-02 7.536989386821638104e-04 9.910103960941848630e-04 1.129207355085087112e-03 1.120789240283901478e+00
8.625364777858221532e-02 7.676385992931931967e-02 8.613568703632210055e-02 1.547001563863564452e-03 1.242148052254070855e-03 1.335157938558517157e-03 1.262528915258632978e+00
8.435321911659192373e-02 7.664111605220655377e-02 8.478574759891864543e-02 1.241604905603975809e-03 1.069377107338668163e-03 1.078502552563257800e-03 1.211377997439206267e+00
8.136495263275823897e-02 7.285398168259539509e-02 8.250855393117403902e-02 1.312552869923046608e-03 1.084198121580161496e-03 1.186790763165196686e-03 1.247292087973872921e+00
8.566441071482747138e-02 8.040830412779885472e-02 8.810195647728615020e-02 8.728958904100541163e-04 1.033777704397948437e-03 1.129144894271070501e-03 1.135008354362857075e+00
8.373844037600179646e-02 7.581620937747358957e-02 8.661560173935101137e-02 1.264028792236293434e-03 1.076842926540575547e-03 1.257662279411795453e-03 1.219903849801637463e+00
8.352202323008393881e-02 7.870781142074914638e-02 8.558375666254215697e-02 7.810087858024714058e-04 1.033356845560973484e-03 1.247302125705637135e-03 1.126072465653121357e+00
8.512874255329905271e-02 7.873304509667265749e-02 8.662648016768319248e-02 1.048010418511179098e-03 9.824919762690229215e-04 1.077900118943968082e-03 1.169064141227698306e+00
8.731519463876107057e-02 7.927507982097047046e-02 8.959670154641420636e-02 1.339404934183490749e-03 1.214387813944058569e-03 1.250369631215290846e-03 1.213127022921258513e+00
8.213906918200647445e-02 7.523199064280328141e-02 8.431551774979206826e-02 1.086974270007604916e-03 9.021528242360816541e-04 1.218936041434522805e-03 1.192049931711940847e+00
8.342136515546361153e-02 7.737669571969947591e-02 8.673876931695675974e-02 9.719711239022385887e-04 8.887283575323226287e-04 1.188198475606935898e-03 1.162342789190041525e+00
8.388186070064673761e-02 7.898845361355458228e-02 8.751059899550038546e-02 7.969907503420402620e-04 9.405852935671595895e-04 1.074342700230329281e-03 1.127739748861986468e+00
8.375204386079511398e-02 7.399561811995859772e-02 8.550580224712979460e-02 1.539053349905803413e-03 1.027863994199465112e-03 1.191524754735576348e-03 1.281087588557088264e+00
8.451460183551279259e-02 7.843622831264256134e-02 8.700932333599280255e-02 9.904760115022719080e-04 1.139863097626637751e-03 1.234793723758848731e-03 1.160994321368336912e+00
8.403350699721519323e-02 7.887216229644185284e-02 8.584703647717989439e-02 8.408123129347517058e-04 1.153541662205891149e-03 1.310984203672665603e-03 1.135161053565531208e+00
8.388655277446936676e-02 7.832664223033371231e-02 8.679122024953586645e-02 9.018908533051381640e-04 1.111984511592823115e-03 1.251178302465706270e-03 1.147005967256288672e+00
8.292206783032142481e-02 7.854804925138794691e-02 8.580087893458474002e-02 7.062732920579605986e-04 1.140228155754718442e-03 1.247101957733808735e-03 1.114472713091625877e+00
8.555365757975028074e-02 7.759893685044143286e-02 8.607342229179421045e-02 1.297833324954365472e-03 9.834342596102495747e-04 1.204181973068362997e-03 1.215529826380826961e+00
8.412761087654434256e-02 7.683443469201872711e-02 8.542414298814104967e-02 1.173924557353171229e-03 8.585211983237178018e-04 1.036728650856381809e-03 1.198851278281283905e+00
8.504956004547983839e-02 8.109679544558032194e-02 8.714232764090189265e-02 6.567374323873838293e-04 1.140243188732715639e-03 1.202687688095946134e-03 1.099858349605341123e+00
8.366656379852970005e-02 7.696940209830957502e-02 8.622626453370110799e-02 1.075805038482178372e-03 1.026014322147770271e-03 1.181181818343858070e-03 1.181592266011882497e+00
8.275524478802848138e-02 7.682889199258848001e-02 8.515754785974798124e-02 9.457518951176881877e-04 1.134194982082401991e-03 1.161896130513794586e-03 1.160224188377498855e+00
8.053249614401040979e-02 7.662397770592264956e-02 8.408182378171276394e-02 6.142489757073208920e-04 9.583154086169154255e-04 1.104229833040144869e-03 1.104620081561519029e+00
8.208212562754128860e-02 7.507109041145776374e-02 8.388511797522842095e-02 1.101806731970205247e-03 1.039059486674657985e-03 1.248333339115641292e-03 1.195505947409168490e+00
8.376950977746223936e-02 7.745614617531307311e-02 8.594753885084525924e-02 1.017876188024876075e-03 9.757371480148508769e-04 1.244078262200825746e-03 1.169661454119824251e+00
8.707785410850270302e-02 7.920918878396805696e-02 8.749850537116006521e-02 1.308457088327389523e-03 9.834214452627972839e-04 1.100180932363479473e-03 1.208549115966404575e+00
8.179608514252781348e-02 7.759334597823865087e-02 8.532986143155193992e-02 6.698722045450147822e-04 9.472732072713591425e-04 1.330002851123198012e-03 1.111261009958647294e+00
8.489622403422235342e-02 7.695333400907074239e-02 8.665006855831025590e-02 1.285553240157269982e-03 8.789171143083325489e-04 1.143859631054654604e-03 1.217087684539979175e+00
8.335341807167997996e-02 7.513676282827562447e-02 8.400315123336098144e-02 1.302259175919725023e-03 1.042601852570768746e-03 1.276194637041516569e-03 1.230670717241716394e+00
8.005091782742999873e-02 7.579377742634943460e-02 8.482188380577553033e-02 6.634527484589529400e-04 1.083417123737571769e-03 1.277906619196842114e-03 1.115489604326163064e+00
9.175397167256336972e-02 8.240613559277185085e-02 9.075927919755569229e-02 1.628020134355261279e-03 1.002398682980191764e-03 1.259487837861613096e-03 1.239740095845181411e+00
8.510572692350092117e-02 7.904030983265947219e-02 8.686382858130280160e-02 9.956141767347046964e-04 9.682414205270570805e-04 1.242512591635000626e-03 1.159365314452479145e+00
8.309888031791536067e-02 7.643865065159533012e-02 8.523918891019330313e-02 1.062556596654586072e-03 1.173414208404687832e-03 1.313654654167172291e-03 1.181855335686138542e+00
8.573781802772245664e-02 7.958633395804667887e-02 8.707051887673475377e-02 1.016988887273116010e-03 8.993275206036831053e-04 1.077310368807323383e-03 1.160560683213289979e+00
8.529085139398948079e-02 7.856138901041792577e-02 8.660745161625427180e-02 1.102637488265383048e-03 1.069085951139305338e-03 1.088170880922118304e-03 1.178654700417665069e+00
8.096248926893030717e-02 7.608186365283532704e-02 8.466822536744243732e-02 7.664746917330298587e-04 1.214960849784411630e-03 1.292428526333259074e-03 1.132414496936712034e+00
8.315827754751471679e-02 7.821971877568968667e-02 8.645720506607987299e-02 7.969747193215092479e-04 1.074601795936484371e-03 1.214468269762282839e-03 1.130260291302121800e+00
8.440687354548834231e-02 7.767989158744277589e-02 8.542891518039673338e-02 1.090354744687196432e-03 9.966184543319534656e-04 1.185199313572339380e-03 1.180696855991240968e+00
8.478481374213217570e-02 7.973254068627626256e-02 8.628631440608142134e-02 8.311865969993451758e-04 1.092336713432953080e-03 1.367253818920854220e-03 1.130745673102354409e+00
8.587867878785798714e-02 7.891010274348575493e-02 8.694561374834232359e-02 1.148343155360611982e-03 1.076966527341360197e-03 1.306349173345507705e-03 1.184419342132951192e+00
8.264024209601687765e-02 7.531213252210693099e-02 8.418077527709835750e-02 1.157492308660882860e-03 8.919532550387038227e-04 1.308768081627077577e-03 1.204074256801120901e+00
8.351839973202718204e-02 7.784263726205811751e-02 8.611744396566282933e-02 9.158469178863195767e-04 8.967510334301248727e-04 1.194274624307492148e-03 1.151142919172946977e+00
8.670989160888960268e-02 8.127693454936879558e-02 8.831271514213052953e-02 9.126652130830052376e-04 9.977482036524073453e-04 1.172558390466061154e-03 1.138158263726941843e+00
8.407060480578869288e-02 7.765302243426640272e-02 8.661776206929222566e-02 1.037874699234419759e-03 9.379267568422383541e-04 1.139773032267410490e-03 1.172118755318533934e+00
8.429418167245740501e-02 7.722315081036257300e-02 8.593092605892733993e-02 1.142094042749251803e-03 1.041033075529864717e-03 1.314459976279601242e-03 1.191516780018173849e+00
8.589519567710654502e-02 7.825401500672872490e-02 8.650791327916947104e-02 1.254293775735098627e-03 1.091400778083371787e-03 1.268073556914403903e-03 1.204826436123831002e+00
8.046399867165032749e-02 7.387467082564087850e-02 8.209791640653592293e-02 1.016988092634550124e-03 1.119382893462253763e-03 1.392300968809851531e-03 1.186348006240471431e+00
8.937468231376255456e-02 8.219836423660201175e-02 8.942098095371531219e-02 1.231262755512888690e-03 1.063162239083405075e-03 1.235828687510678175e-03 1.182231895491973495e+00
8.707061731103318825e-02 8.039735118047282303e-02 8.915589459007597362e-02 1.117558322088117728e-03 9.758452583289682755e-04 1.189392448656012785e-03 1.172896704722591998e+00
8.485498681786560193e-02 7.875568532262434973e-02 8.662890571780455795e-02 9.979108172239164326e-04 1.031893086841478109e-03 1.240480612363015515e-03 1.160889573447855927e+00
8.132037926563805141e-02 7.599701980387879585e-02 8.464668575142526852e-02 8.374570648360694577e-04 1.046409384168583111e-03 1.188470036450902691e-03 1.145000475638193960e+00
8.332819252080887751e-02 7.707540771418160130e-02 8.731633973119053149e-02 1.002969194477663396e-03 1.122186721245174322e-03 1.312614633847129439e-03 1.168832453862408638e+00
8.415358742321867036e-02 7.925665613753186955e-02 8.646701867124194363e-02 8.002087340943393051e-04 1.019500385163777181e-03 1.173774634537496373e-03 1.127388961319419014e+00
8.411307602747827850e-02 7.771761078156215474e-02 8.706940326461158619e-02 1.034982533209954751e-03 1.147228385461425935e-03 1.325719307692165743e-03 1.171353957329041018e+00
8.654162583872303249e-02 7.895269027591236832e-02 8.681621800250304000e-02 1.255925701005386301e-03 9.229465138491487874e-04 1.234310350641599488e-03 1.201479136963415240e+00
8.716455914187358489e-02 7.864277781892375918e-02 8.885602023706684616e-02 1.412973867320571793e-03 9.026410850057929114e-04 1.241190795873644854e-03 1.228463296663085513e+00
8.168587256107519290e-02 7.436051265159385193e-02 8.219110014368197215e-02 1.143095934256366936e-03 1.125893242791605386e-03 1.309844662980828118e-03 1.206727346259491629e+00
8.330970233716328277e-02 7.651475350149017363e-02 8.497623857897974864e-02 1.085999000112946797e-03 1.271049380286430174e-03 1.223234514436900974e-03 1.185497926082322628e+00
8.626937038420900983e-02 7.969040567693511101e-02 8.850510617767674837e-02 1.091843509533346399e-03 8.898303557154005859e-04 1.116160776981882201e-03 1.171928677060158686e+00
8.744368717455880402e-02 7.990058010434247793e-02 8.697856604933355829e-02 1.262295725671650458e-03 1.117628626145021533e-03 1.110591471915909527e-03 1.197724846354971673e+00
8.314337119702264189e-02 7.729827689703376581e-02 8.545671878957819545e-02 9.377965627553903200e-04 1.108790415467343594e-03 1.181598661594265983e-03 1.156952779398158881e+00
8.474515228653894949e-02 7.722018655905880935e-02 8.566203119190980708e-02 1.218783623852830698e-03 1.009967422281051559e-03 1.227710222026217636e-03 1.204392481863864939e+00
8.454173069838984145e-02 7.806218992556621106e-02 8.612950116113889110e-02 1.053598733503900188e-03 1.102551397541880283e-03 1.185294883508581981e-03 1.172899516427203581e+00
8.622731682369319528e-02 7.834193949045673011e-02 8.698239332415805269e-02 1.297690683487179829e-03 9.191790992481590648e-04 1.214632299448686762e-03 1.211437759720434659e+00
8.280186836044649279e-02 7.756635922202513578e-02 8.575459480381331101e-02 8.396093210204661275e-04 9.607787110448817421e-04 1.112445073815148322e-03 1.139550191545863234e+00
8.312916059975736238e-02 7.800456151292153861e-02 8.559393342185381282e-02 8.257457251970917386e-04 1.048560341308639584e-03 1.249791286315291234e-03 1.135708276282815010e+00
8.564540823725837193e-02 7.820460563028186485e-02 8.590424155964727915e-02 1.219175610338730370e-03 1.086623381555336908e-03 1.243138831959652831e-03 1.199343282527290278e+00
8.270310157382627925e-02 7.528431163163004647e-02 8.485297265584471060e-02 1.172075432082239632e-03 8.336123093225510398e-04 1.244321927191091755e-03 1.206798124289380381e+00
8.559310027656738540e-02 8.006660297840405283e-02 8.746287786709611156e-02 9.155179024531393678e-04 9.534473412213548358e-04 1.214831781800641136e-03 1.142811781023668649e+00
8.767671481988922877e-02 7.926042784404120634e-02 8.774885582666833161e-02 1.404990899587721213e-03 9.260681850582804919e-04 1.134070144799377393e-03 1.223645769080591750e+00
8.166453860946853993e-02 7.580569588774511980e-02 8.617177413312046563e-02 9.225933372720802536e-04 1.047202587075551916e-03 1.156706001533568812e-03 1.160548641902351186e+00
8.581711810160198850e-02 7.844405993751334127e-02 8.824714326799620867e-02 1.211107219784118318e-03 9.740690341409565965e-04 1.253613971190492386e-03 1.196816936396095432e+00
8.621930140034655965e-02 8.026810378706157600e-02 8.784202561615658822e-02 9.907994483933134713e-04 1.226781175869296912e-03 1.423514228610024863e-03 1.153779961924737529e+00
8.882082858507643619e-02 8.260275338503440812e-02 9.057459847814720855e-02 1.065924723750718422e-03 9.887508260155893069e-04 1.145075589398415446e-03 1.156220307371380152e+00
8.487990142672426075e-02 7.807005032295633029e-02 8.766993811369065692e-02 1.109664908781493424e-03 1.130011587121641011e-03 1.149307388111092980e-03 1.182063519475084590e+00
8.734345605893789610e-02 8.113084401846128169e-02 8.892935136265453511e-02 1.046665465171721029e-03 9.880920058720978234e-04 1.196086731956338923e-03 1.159014199301529713e+00
8.374770913941556594e-02 7.669378359254508393e-02 8.501523456921566968e-02 1.131742344360011678e-03 9.727786911878972707e-04 1.285330404226041421e-03 1.192409822100218397e+00
8.406031676085079507e-02 7.673588060170639935e-02 8.448028031125323634e-02 1.177741482215232532e-03 8.984836518040156513e-04 1.170389851303316447e-03 1.200010598451263011e+00
8.345102705335458171e-02 7.744437425120459517e-02 8.608097231978792396e-02 9.664428130990772997e-04 1.016639326781983805e-03 1.205063547565957778e-03 1.161137421838061901e+00
8.789810050254259766e-02 7.939837093250426414e-02 8.929532893585810649e-02 1.421974765219540839e-03 9.838032074113202147e-04 1.385069240344592809e-03 1.225563438154182228e+00
8.405836367704909440e-02 7.770185313967166441e-02 8.489065420212686675e-02 1.028230522723942893e-03 1.229969073474880071e-03 1.212111090260925344e-03 1.170305133267344866e+00
8.651012464896391807e-02 7.808129846349143310e-02 8.650127419984779409e-02 1.387312497034444772e-03 1.076705052926047075e-03 1.248377884355154812e-03 1.227551783994346168e+00
8.713769730115882017e-02 7.759109016224477462e-02 8.575868432742289604e-02 1.572601018382783003e-03 1.067648738446785525e-03 1.210389509547941901e-03 1.261213034862284532e+00
8.219336144836525415e-02 7.833674717078642491e-02 8.587588073970359170e-02 6.191027088819009427e-04 9.775924093636625435e-04 1.184138260223671331e-03 1.100886170261372365e+00
8.268529229799097269e-02 7.687111575511458572e-02 8.488929020166564865e-02 9.276891249679793117e-04 1.048343468000362396e-03 1.270169118164593157e-03 1.156991484468578024e+00
8.352342309347816907e-02 7.566710952099466037e-02 8.423927845897070943e-02 1.250650741989961512e-03 9.968122089140868999e-04 1.070117682019062089e-03 1.218434763429393941e+00
8.724705641000475576e-02 8.011372012020688549e-02 8.691005518938270391e-02 1.193840700711709842e-03 1.071384091018031098e-03 1.301459797998822440e-03 1.186008411153339326e+00
8.276396030338357968e-02 7.561878009475316020e-02 8.510660251894446027e-02 1.131673222081416331e-03 9.695950569380607821e-04 1.251655784695748005e-03 1.197907250756309994e+00
8.073575451119105462e-02 7.627211478620374296e-02 8.377169264206216215e-02 7.008265625314674674e-04 1.036771642345083290e-03 1.228849562709392277e-03 1.120470018663571876e+00
8.125203292154560553e-02 7.702170106581526787e-02 8.557778117138442608e-02 6.695504188121226621e-04 1.134007611776651067e-03 1.291900141863898139e-03 1.112864425164293181e+00
8.642564164838102692e-02 7.881885353437942388e-02 8.650006909463449356e-02 1.256979861860417318e-03 9.786715926160219781e-04 1.117209796728036277e-03 1.202333639193593928e+00
8.178901908170554957e-02 7.534922226715347338e-02 8.337975082746537647e-02 1.011938346082697643e-03 1.100366108788897786e-03 1.256653711295595277e-03 1.178236442465043332e+00
8.357597625857041135e-02 7.757872085436848253e-02 8.551199002447737452e-02 9.664858781730980425e-04 1.185416249704511526e-03 1.341832243885318025e-03 1.160586962559269075e+00
8.105510018574423048e-02 7.547726542903965274e-02 8.449371599256762233e-02 8.731116694753304069e-04 9.022794831693250507e-04 1.255147090160134643e-03 1.153263055146687588e+00
8.623988515174998981e-02 7.974265581778762491e-02 8.842355817505095916e-02 1.078426634112889318e-03 1.139431584423206655e-03 1.305266993129145349e-03 1.169593504198775280e+00
8.320605954185780750e-02 7.627538561516673810e-02 8.451914948674435490e-02 1.105313893740801981e-03 1.031920270471934102e-03 1.213632642045417561e-03 1.189983902895255241e+00
8.243866590287937668e-02 7.794021528316844027e-02 8.512619479232219621e-02 7.214564774599228208e-04 1.027830172238151452e-03 1.116294629268181279e-03 1.118764579359396549e+00
8.370960748634634352e-02 7.666016882255560771e-02 8.508426959002897416e-02 1.130516901615444443e-03 1.060584747485790978e-03 1.243346812812147007e-03 1.192370076156834768e+00
8.142305990598694421e-02 7.716231603940207351e-02 8.594262282743540815e-02 6.756916678893722453e-04 9.985922824844810884e-04 1.111186045215366725e-03 1.113484893492944883e+00
8.301349033273545952e-02 7.797492237008298022e-02 8.496281591518246856e-02 8.111510586026968866e-04 9.598580153578189231e-04 1.237603247239768903e-03 1.133411060730205033e+00
8.367404540959774706e-02 7.857364649605039220e-02 8.789785662226269614e-02 8.275279515211333634e-04 1.068961377573403315e-03 1.229568662736925562e-03 1.134038282591111724e+00
8.565382846775862480e-02 7.890388829300655493e-02 8.760324719944910521e-02 1.110754743428961008e-03 1.104598660670476047e-03 1.120192973317320076e-03 1.178410892594765613e+00
8.396867203639366006e-02 7.897918751818792937e-02 8.651183748250625138e-02 8.130258225223464461e-04 8.924887766064031926e-04 1.083901529580456055e-03 1.130340389964664904e+00
8.499200454521299575e-02 7.781448289309224331e-02 8.542114582972050452e-02 1.168547088694161205e-03 9.381047915341058805e-04 1.186535482545672104e-03 1.192985796313343227e+00
8.240164048497369831e-02 7.458997927030330821e-02 8.387357108805836015e-02 1.226365347070578968e-03 9.503175923576329988e-04 1.187374718507969423e-03 1.220424009247077057e+00
8.346280852957227436e-02 7.815331501462663422e-02 8.557886672997372379e-02 8.580997598685779701e-04 1.279353735211978321e-03 1.291647492155000715e-03 1.140489210578871759e+00
8.186744995607697639e-02 7.474876609325131760e-02 8.307998855335226029e-02 1.114901329847170150e-03 1.019785175500712536e-03 1.235254337594057610e-03 1.199539269290426979e+00
8.215483061396977593e-02 7.707530921811747704e-02 8.514775897015240680e-02 8.088129021416408035e-04 9.290170543381951569e-04 1.333140618611515981e-03 1.136149960283945326e+00
8.469070048162201381e-02 7.762052057699522778e-02 8.674011229273907719e-02 1.147569533424071600e-03 8.534920747774248865e-04 1.189160449947782245e-03 1.190469704294552455e+00
8.348401390685866730e-02 7.676200393381003850e-02 8.514372210896065107e-02 1.077175330066303810e-03 1.244124618345072075e-03 1.372989140688868348e-03 1.182807407967049640e+00
8.600981309856499391e-02 7.743958820709447022e-02 8.548947471721279889e-02 1.400798127565717512e-03 9.674746613590652373e-04 1.174962952845370412e-03 1.233587437691538335e+00
8.323859968962901701e-02 7.890512793434749372e-02 8.623466104414444222e-02 7.026452639545630735e-04 9.080322514146242771e-04 1.202421893289224667e-03 1.112856263330618045e+00
8.094946151909888921e-02 7.608241313451258314e-02 8.418319153496843510e-02 7.642817318614190253e-04 1.034801672021121166e-03 1.165207544185974196e-03 1.132033738803362111e+00
8.417553383122355903e-02 8.006344902730347379e-02 8.629929739884099893e-02 6.753646256238404061e-04 9.743223988559644375e-04 1.258773381178440731e-03 1.105358534067641507e+00
8.499217462994919370e-02 7.923154970234631833e-02 8.763313070523180703e-02 9.460312800924040866e-04 1.125392765273230868e-03 1.237236249479279314e-03 1.150698592293788236e+00
8.134226130706083413e-02 7.612681744424106001e-02 8.367477417526864025e-02 8.212711403573613039e-04 9.472821836448510908e-04 1.411671716774005360e-03 1.141713496575892606e+00
8.200388017007909092e-02 7.500528656174279551e-02 8.450154945029589304e-02 1.098843350739536762e-03 9.743775520284110592e-04 1.194763279823735959e-03 1.195322392479569729e+00
8.793213939078424468e-02 8.356754675379991781e-02 9.060526721645570380e-02 7.485262673917756140e-04 1.019890230148857730e-03 1.162229931102604823e-03 1.107184439009423871e+00
8.484965241370252820e-02 7.818630042938999603e-02 8.536105031314568381e-02 1.086365939891305137e-03 1.202915113605160149e-03 1.276099969315642882e-03 1.177711205586417842e+00
8.171929406407599239e-02 7.677058693713645354e-02 8.528390482860735700e-02 7.843200036584995274e-04 9.612318684482152502e-04 1.257671983649557776e-03 1.133077173999121667e+00
8.524635742861494392e-02 7.869324225380605609e-02 8.742716912555167919e-02 1.074315078430967615e-03 1.049781837936506488e-03 1.245747735783744869e-03 1.173482947804239229e+00
8.359791536775244836e-02 7.723609295559989707e-02 8.551445277939367928e-02 1.023197398787832613e-03 1.099818117503800980e-03 1.188832949498083800e-03 1.171521605934850996e+00
8.162573855736816875e-02 7.550370900036038058e-02 8.532986997891993386e-02 9.619511222247190130e-04 1.012608296322451296e-03 1.205817049753034245e-03 1.168739373867681897e+00
8.399893308957120941e-02 7.718534298676717198e-02 8.402133096484008801e-02 1.098243588201372641e-03 9.734483345932098226e-04 1.235644316738635255e-03 1.184343996980146585e+00
8.423093833087447191e-02 7.726047864228176298e-02 8.514522817242514696e-02 1.125669412065101807e-03 1.138629211773316708e-03 1.253177535153858794e-03 1.188580193238183202e+00
8.489426384465591224e-02 7.912117970170150227e-02 8.722448632602629315e-02 9.468749563371105238e-04 1.070850738829704158e-03 1.206375722764172279e-03 1.151254088294489053e+00
8.388218884506991324e-02 7.814574568131296695e-02 8.514346978330755711e-02 9.294640373515268908e-04 9.869574238943136426e-04 1.237657574748594067e-03 1.152202543983168237e+00
8.423137830479815458e-02 7.692940853023191861e-02 8.519497466379488682e-02 1.176791194314701430e-03 8.760431871621699460e-04 1.212551899857734847e-03 1.198844976276855601e+00
8.117784116233035807e-02 7.530613846025945024e-02 8.246122729546694063e-02 9.188274059807695002e-04 1.105498750976399019e-03 1.327927203611378422e-03 1.162021699580220835e+00
8.190135952698421318e-02 7.603151271792231436e-02 8.350762461011011772e-02 9.270417661927455102e-04 9.887212701609850770e-04 1.172643417881578422e-03 1.160365904602270737e+00
8.354907191599873773e-02 7.712635804107571824e-02 8.700706143831549166e-02 1.031972313344523863e-03 1.131621130815520931e-03 1.268968833708588803e-03 1.173485186570349281e+00
8.144730490530019407e-02 7.413112855667136625e-02 8.301736190534468596e-02 1.138239255251199608e-03 1.160149067127477481e-03 1.233913660572177797e-03 1.207124911464308559e+00
8.235443985491136543e-02 7.745397387450890514e-02 8.534602966957630099e-02 7.831356948631053305e-04 1.103985630345536003e-03 1.228232830629856888e-03 1.130541803955488422e+00
8.496897571179796993e-02 7.576620473219763952e-02 8.496154458465934867e-02 1.479209053990825258e-03 9.932271670954671925e-04 1.251453516666933222e-03 1.257678681750233896e+00
8.119319976757549684e-02 7.584517980400859449e-02 8.348928096206345573e-02 8.398443889950282099e-04 9.961764938615225162e-04 1.207841750523768213e-03 1.145996637851095512e+00
8.183485157305500635e-02 7.627557867638953826e-02 8.373508316965615206e-02 8.789790295658525890e-04 9.224749520509597199e-04 1.254412451220641685e-03 1.151080179304743822e+00
8.651305758911613519e-02 7.980675981589833989e-02 8.753349166720843233e-02 1.115390221105239110e-03 9.950362319884234041e-04 1.197850033930887050e-03 1.175124728625967174e+00
8.230851251571777438e-02 7.545915851423939946e-02 8.551730412352816224e-02 1.080606628872961099e-03 1.092161252621730956e-03 1.171140295762358383e-03 1.189777058840174373e+00
8.462706717611190310e-02 7.931089873095216458e-02 8.618348838298746373e-02 8.715218413188072569e-04 1.009691840682314622e-03 1.291194537146952200e-03 1.138551915087736344e+00
8.582488330965827583e-02 7.881119764344067524e-02 8.759789304426084111e-02 1.154705721122990109e-03 9.742064054024495963e-04 1.091254199095600735e-03 1.185906880315248157e+00
8.314037060730782025e-02 7.527976836021700591e-02 8.429316826211012692e-02 1.245277700352564500e-03 9.956225729052079094e-04 1.185773228269067702e-03 1.219740274624316667e+00
8.528938177632691686e-02 7.972899572861005812e-02 8.676227483553386466e-02 9.175658838953245147e-04 1.061468528566356789e-03 1.044237086680113551e-03 1.144345972290056634e+00
8.383826992501755559e-02 7.692938105933830317e-02 8.433031543011554332e-02 1.110725833847224682e-03 1.081778774014880221e-03 1.410169362344716694e-03 1.187681902180216520e+00
8.436863441779758610e-02 7.737660945297712700e-02 8.547783300394454220e-02 1.130926783085430681e-03 1.035189371884633709e-03 1.276548953290161615e-03 1.188892666875890347e+00
8.271400317858389195e-02 7.733761117807846919e-02 8.621141681088403952e-02 8.605002190951380192e-04 1.034138209033887623e-03 1.135983905873200151e-03 1.143869746551082978e+00
8.761821858434548638e-02 8.106281073889892719e-02 8.813644309891936757e-02 1.105772943003597610e-03 1.331692507896034029e-03 1.279821857687951257e-03 1.168276179215830934e+00
8.028470398429095323e-02 7.449894300067998187e-02 8.340576035173691283e-02 8.955411856266587076e-04 6.839701554694956748e-04 1.043679751889028517e-03 1.161356082677999169e+00
8.487619369626553389e-02 7.786864400707735334e-02 8.653715759010256747e-02 1.140442536865042197e-03 9.953148884885511423e-04 1.249705843205919193e-03 1.188082411062800769e+00
8.708163662043112707e-02 8.003437953758502088e-02 8.846192249524978402e-02 1.177709528526604300e-03 9.830940531187748986e-04 1.234496404606684385e-03 1.183859055144756978e+00
8.458150893895283184e-02 7.767662338901983043e-02 8.572469455692784124e-02 1.120373833270535066e-03 1.172769898640034503e-03 1.258738064898690069e-03 1.185687333701438639e+00
8.469791049588101806e-02 7.922467386267414979e-02 8.643876038632379577e-02 8.971870937211877395e-04 1.088734558551570286e-03 1.194027708158923061e-03 1.142942738288462934e+00
8.718148398518296704e-02 7.813460045262515807e-02 8.717269818769253498e-02 1.495595361967342121e-03 9.279569283914922270e-04 1.213011169381446970e-03 1.244978131741066418e+00
8.788284179491691328e-02 8.124589802153033002e-02 9.038703681925265576e-02 1.122497936625489051e-03 1.082819144601636710e-03 1.364891564232858590e-03 1.170052360455780205e+00
8.525176611374624125e-02 7.921503797900589228e-02 8.914946669982339034e-02 9.928413834975457347e-04 9.525366874609220939e-04 1.222908305805089132e-03 1.158221173599964127e+00
8.612877499739791942e-02 7.909242763773771667e-02 8.739318201207743608e-02 1.162553772921619266e-03 9.747640522186133650e-04 1.140066472735897863e-03 1.185841729401958755e+00
8.475722880771081880e-02 8.010535583847190610e-02 8.766970086368272574e-02 7.669198011544392513e-04 1.005610249957413155e-03 1.192858735589862225e-03 1.119516218362276883e+00
8.668184565733096092e-02 7.988776006465664326e-02 8.704755532897813508e-02 1.131688158413197975e-03 1.115787262654975706e-03 1.257285680772632407e-03 1.177323495148057564e+00
8.254625331429722712e-02 7.702569512576704081e-02 8.504552784508033481e-02 8.809262266205137790e-04 9.379092333232307531e-04 1.228231742073901444e-03 1.148480112237101336e+00
8.333641175152550762e-02 7.813727632436011372e-02 8.594648145532061967e-02 8.395235722303906814e-04 1.128904877462509355e-03 1.309696296853394247e-03 1.137504324658092703e+00
8.701179486448559763e-02 7.983491268558411125e-02 8.902806856101823374e-02 1.197439162024483902e-03 1.074972689029066652e-03 1.217120805548671308e-03 1.187874461276404281e+00
8.310411593044719769e-02 7.704597427703610557e-02 8.710713397274620629e-02 9.702119322834990012e-04 1.003207862119940641e-03 1.255678056115911486e-03 1.163443144382352079e+00
8.422643784100000697e-02 7.524911775258263935e-02 8.434647898502789509e-02 1.431663108841790301e-03 1.010211413204171191e-03 1.182794902805160090e-03 1.252835475050994685e+00
8.472079155807951678e-02 7.917739997483974612e-02 8.694727530156262651e-02 9.085518554518045090e-04 8.595120965532414151e-04 1.116714361662358686e-03 1.144926314123401401e+00
8.239547687897690043e-02 7.660495730017853611e-02 8.437504568882735201e-02 9.206951271518402924e-04 8.427287087932078822e-04 1.027305065315371442e-03 1.156892468077947544e+00
8.121508165013686942e-02 7.536242135716070267e-02 8.522863210540093659e-02 9.163949346241663171e-04 1.089831997449845031e-03 1.248520389079274149e-03 1.161351494592082423e+00
7.978429420637964120e-02 7.577542216619807813e-02 8.274041347097334242e-02 6.236189975446018718e-04 1.119719718167779291e-03 1.280689192022177025e-03 1.108608197875253332e+00
8.015487342627780620e-02 7.555186071378389157e-02 8.415818223007182075e-02 7.167200766676137813e-04 1.039638460623233630e-03 1.111574356529013933e-03 1.125562293704144512e+00
8.516308274514551580e-02 7.820797799189325994e-02 8.624695145137924179e-02 1.136262841076042009e-03 9.240619479334866984e-04 1.153951551520743636e-03 1.185770473876695874e+00
8.509200557580159918e-02 7.854285943206208709e-02 8.692596391092489994e-02 1.071668645147585974e-03 9.009189798923965091e-04 1.187850563286878573e-03 1.173718914921484835e+00
8.383474796636659898e-02 7.825190742463539184e-02 8.682267259562367889e-02 9.049039509905010617e-04 1.084434633221315449e-03 1.299040056920681063e-03 1.147778964638223931e+00
8.547585916623191837e-02 7.943960851847126081e-02 8.634413968052834232e-02 9.954710986375412199e-04 9.088090651021009077e-04 1.196769402011923621e-03 1.157744586936017672e+00
8.381886250590041276e-02 7.810751081716944821e-02 8.557899031699937875e-02 9.248184657287958008e-04 1.042851399950079803e-03 1.165037621552595260e-03 1.151590120223814573e+00
8.660199573693994068e-02 7.835275675896750947e-02 8.608614874334037659e-02 1.360751173891035573e-03 1.111746794057129773e-03 1.249554460432917864e-03 1.221651234827875188e+00
8.642967813903081054e-02 7.894219410119239499e-02 8.633285470612386825e-02 1.238219253706124290e-03 1.204278584373128912e-03 1.304519999304227336e-03 1.198691444432650632e+00
8.361045328637933816e-02 7.850918064022383014e-02 8.601751140283434016e-02 8.270164539545257418e-04 1.054053513503682609e-03 1.232399843360363441e-03 1.134175511762895328e+00
8.088929000464691044e-02 7.366061422119050961e-02 8.209596001232975782e-02 1.117191150012817290e-03 1.080168456079631367e-03 1.195104741560422011e-03 1.205900222011349499e+00
8.634601154363912012e-02 7.852826158441027216e-02 8.698044699424627157e-02 1.288945842024693568e-03 1.084665360691294605e-03 1.214333693946583956e-03 1.209017526057079017e+00
8.622261570643420525e-02 7.988616464313003096e-02 8.806016003185153374e-02 1.052540157870155563e-03 1.030743180072449553e-03 1.290705850181716758e-03 1.164928432901521038e+00
8.874387399148500610e-02 8.123083632453725889e-02 8.847436708663231064e-02 1.277026401032807339e-03 9.667423681349891079e-04 1.114265484754121526e-03 1.193534335955138470e+00
8.669013611618829607e-02 7.698978247637269789e-02 8.530524060754485216e-02 1.587753094084069436e-03 1.012381913343604655e-03 1.124817036666049498e-03 1.267865500441858195e+00
8.329487223420961595e-02 7.907764813572047691e-02 8.705297904662367969e-02 6.847613058364870886e-04 1.130277458070405886e-03 1.340586466280961273e-03 1.109504438512920910e+00
8.337004203288916893e-02 7.424731125594812020e-02 8.388151280644662311e-02 1.437900679828066006e-03 1.008045907503286659e-03 1.170705687232252625e-03 1.260835937216744362e+00
8.177214137736418809e-02 7.722282227961399514e-02 8.386862966102090478e-02 7.233188246107882108e-04 1.157236475790328432e-03 1.311775393701302946e-03 1.121293751404073946e+00
8.536711479963286775e-02 8.045850962236696102e-02 8.698029347322502880e-02 8.139725185611805872e-04 1.077604190616355618e-03 1.247426938378587338e-03 1.125737776207451413e+00
8.407464642551926159e-02 7.872954204619851681e-02 8.681223395981979563e-02 8.702053807719389161e-04 9.773065390968704944e-04 1.235264728034819520e-03 1.140393277837026265e+00
8.384694513743001787e-02 7.778532806057138205e-02 8.495093427847338896e-02 9.797529473884857704e-04 9.146894434503224664e-04 1.185244353619894012e-03 1.161927720876919423e+00
8.373292206450533293e-02 7.813731038160547093e-02 8.559590437678922525e-02 9.057629637891735294e-04 1.054546825537966718e-03 1.286806795258806655e-03 1.148353447342457256e+00
8.342909813087724669e-02 7.727038394777245578e-02 8.578176005170570773e-02 9.897021794953745830e-04 1.015636871307929552e-03 1.228587713701611434e-03 1.165759484039691873e+00
8.630310409345140488e-02 7.882997991432183493e-02 8.589438491220217908e-02 1.234060042872724833e-03 1.096617870204376908e-03 1.152787017948812527e-03 1.198588208914552977e+00
8.366709610432300492e-02 7.749484548322813082e-02 8.606055966415659952e-02 9.947318940606185086e-04 9.475576709313640903e-04 1.179086422677721145e-03 1.165638164626497941e+00
8.247098733867225251e-02 7.629101565381272987e-02 8.465885744026911686e-02 9.811446831251404224e-04 9.809710626981125135e-04 1.135809919703050039e-03 1.168572319044883789e+00
8.358578641152114574e-02 7.677586399984513699e-02 8.625900215235181301e-02 1.092050397109716429e-03 9.935050107676740745e-04 1.047188435476129010e-03 1.185264946831480204e+00
8.417325821715014589e-02 7.727611940044898375e-02 8.640917398415433326e-02 1.113538769298587361e-03 9.588966724939045191e-04 1.245786202205665652e-03 1.186472473849868425e+00
8.296152463895491158e-02 7.578991031467752215e-02 8.437089358101249048e-02 1.138504064913060422e-03 1.089449919777078866e-03 1.106666721808219605e-03 1.198203719065219941e+00
8.161508982737827878e-02 7.651943775714652174e-02 8.532712436765861608e-02 8.057985328612047443e-04 1.078065730292080294e-03 1.233651410384908019e-03 1.137620436733315366e+00
8.499941554789271214e-02 7.857992238966153564e-02 8.794934923303357466e-02 1.050096440718114275e-03 9.767790315643684086e-04 1.184118038708859748e-03 1.170061496079155772e+00
8.385864405023327195e-02 7.894094236670962106e-02 8.611579108861408538e-02 8.005998001995541166e-04 1.071961427170828405e-03 1.275836705562423835e-03 1.128472703819432210e+00
8.313765886350554801e-02 7.587800752592577247e-02 8.457419416411093849e-02 1.154398295200174257e-03 1.046843537105476840e-03 1.188348194630687530e-03 1.200504368925479515e+00
8.458724108202697600e-02 7.775253560901672356e-02 8.626507455643492306e-02 1.109544560237539154e-03 1.072435852804957783e-03 1.256534205195806216e-03 1.183533618403556975e+00
8.445208075362951872e-02 7.664549710359837287e-02 8.537131900623209924e-02 1.257621717359855111e-03 1.031404993869316144e-03 1.230911086349117641e-03 1.214080316342226684e+00
8.612038295091602180e-02 8.110520477290301955e-02 8.767881707220209764e-02 8.386661183578964646e-04 9.892527431357494780e-04 1.234808702803174164e-03 1.127494558056114649e+00
8.056994583280080446e-02 7.578690404111391998e-02 8.364419055828081762e-02 7.478613473634460052e-04 9.189817295718755987e-04 1.202446898336249383e-03 1.130206527074128831e+00
8.437376195312079608e-02 7.484200327367951378e-02 8.613273238554683409e-02 1.517606252104440091e-03 1.037045179400444697e-03 1.195439528968525629e-03 1.270936988854300953e+00
7.943950366749454040e-02 7.407917398169087952e-02 8.305277333042611343e-02 8.229107251282513288e-04 9.945918483789150440e-04 1.017350079690529981e-03 1.149954830537689432e+00
8.490707414545128895e-02 7.702750685907858164e-02 8.678711978863425103e-02 1.275974427015764794e-03 1.244178240894270324e-03 1.320027886495767511e-03 1.215055368131622293e+00
8.490952245905691864e-02 7.762789525151812808e-02 8.724797515000602688e-02 1.183536883044420361e-03 9.853659748896067411e-04 1.163068461001561535e-03 1.196402121316521905e+00
8.480391762805587763e-02 7.852491232397409981e-02 8.705251815705930540e-02 1.025542589578267230e-03 9.503816943365393614e-04 1.243312044164173510e-03 1.166317818703630937e+00
8.546735074497578688e-02 7.862199299405452091e-02 8.717519708151363900e-02 1.123250261007555095e-03 1.154297880898477301e-03 1.292465224810536309e-03 1.181714017812144357e+00
8.292198556026937617e-02 7.757187845310060947e-02 8.624617551890757794e-02 8.586593625149090483e-04 1.005360447595874925e-03 1.109889682683977245e-03 1.142696162241938485e+00
8.549978380653361354e-02 7.829316536015328010e-02 8.700021618739184337e-02 1.180393288851682224e-03 8.161036376973027215e-04 1.169553300854006246e-03 1.192565742307607257e+00
8.507163532122624661e-02 7.784165870198439530e-02 8.804964678228223429e-02 1.177859306751486042e-03 1.040375651624542369e-03 1.114215383442071494e-03 1.194387911902259569e+00
8.303528822590569569e-02 7.697855742190753969e-02 8.415361144608771160e-02 9.691607880013171361e-04 1.010090913293512811e-03 1.254172713456806233e-03 1.163552165244432723e+00
8.212861006117548601e-02 7.697740158758467621e-02 8.613196759865024421e-02 8.195882354043318788e-04 1.039913705521842936e-03 1.217450751504790384e-03 1.138314981010633886e+00
8.172304658371407071e-02 7.496449233475852014e-02 8.416248173668496035e-02 1.058981231915830795e-03 1.000353756101957569e-03 1.177391095691604234e-03 1.188441717892454452e+00
8.360851943882517678e-02 8.014030633931680525e-02 8.733152882357561597e-02 5.679158225928657849e-04 1.008796492005358068e-03 1.218109876085761867e-03 1.088426405655937179e+00
8.668867285078614426e-02 8.012814606155198305e-02 8.803974181160516277e-02 1.094406209369218168e-03 1.010516216988417617e-03 1.200100695505266829e-03 1.170454456173275926e+00
8.625966811695670589e-02 7.899290756834065341e-02 8.778327986057317400e-02 1.200850897547106784e-03 9.867230496518322388e-04 1.209389706001922889e-03 1.192447772095593050e+00
8.604493153642987779e-02 7.952674038249116228e-02 8.834266224563791514e-02 1.079227807244754860e-03 9.639576850427965639e-04 1.093281308695140831e-03 1.170642326125896027e+00
8.507453923954309827e-02 7.717700363675451813e-02 8.629156725133649286e-02 1.281387336472938204e-03 1.105272336270194658e-03 1.193570769159918834e-03 1.215131795138022497e+00
8.645850211906697114e-02 7.756936318637445982e-02 8.692270209473255960e-02 1.458066483533042648e-03 9.190758044946331206e-04 1.277585525665349709e-03 1.242324248647109997e+00
8.646457163752108155e-02 7.857608879822840231e-02 8.673108436792088816e-02 1.301920417632940197e-03 1.066914776718591975e-03 1.212420254837938806e-03 1.210864573979272940e+00
8.275190729157040626e-02 7.707435043099651606e-02 8.477482859300185247e-02 9.074226660326107502e-04 8.818912850604377013e-04 1.163613470489200524e-03 1.152753045097994589e+00
8.474480973722164912e-02 7.804468213335673255e-02 8.599019162688208151e-02 1.090710368101205710e-03 1.110207966626476552e-03 1.345786839287631438e-03 1.179069989947163055e+00
8.806715361795618147e-02 8.008913183215685128e-02 8.958352370705785495e-02 1.341554508740092598e-03 1.025241886652999155e-03 1.211405212631999498e-03 1.209151580775613244e+00
8.479985374592458047e-02 7.779344887419691046e-02 8.588375580092570682e-02 1.139194507587910563e-03 1.042037141578624473e-03 1.124348365571279035e-03 1.188239963866626336e+00
8.525853896503637896e-02 7.833018918076334325e-02 8.487390435758421225e-02 1.133399929358452386e-03 1.063826904167800014e-03 1.196968941612804298e-03 1.184724640638306292e+00
8.099170727243251711e-02 7.774687248217730662e-02 8.626973982805065388e-02 5.150804661434599946e-04 1.006466867980699382e-03 1.309676939869269720e-03 1.085213661097195859e+00
8.803624860870433444e-02 8.213608117419059218e-02 8.967324370331866690e-02 1.004045238440370164e-03 1.043885974360601572e-03 1.362173664659155998e-03 1.148828232635307645e+00
7.875700623070325257e-02 7.417815919445154560e-02 8.364453360884475941e-02 7.002667289456344923e-04 1.092456887699396091e-03 1.225296764155059609e-03 1.127265705481899971e+00
8.541480422908015457e-02 8.045673398483407790e-02 8.710109591237422122e-02 8.224027379857340100e-04 9.145607303775627091e-04 1.176022984132116169e-03 1.127045635316969108e+00
8.043513406367663876e-02 7.820064629933340394e-02 8.473918307173389231e-02 3.544697102081870166e-04 1.041229935149441243e-03 1.206041501838241679e-03 1.057964013041363449e+00
8.280449488816359060e-02 7.623716599465649169e-02 8.502149760760430164e-02 1.044478894787101778e-03 1.087023442062736356e-03 1.394958474215571070e-03 1.179707491300614475e+00
8.465820260148303189e-02 7.678691314012642266e-02 8.560071987218999257e-02 1.270781238124428503e-03 1.125275381904025131e-03 1.249708092570731878e-03 1.215524365865512157e+00
8.709038029019705585e-02 7.783777006630128448e-02 8.674975680579405379e-02 1.526015890196756077e-03 1.106621305263379151e-03 1.204280226512548149e-03 1.251871068620993288e+00
8.386272357670565558e-02 7.869309532045123956e-02 8.603722355628204421e-02 8.403531545893173221e-04 8.685568870226768098e-04 1.323821636904398344e-03 1.135702727998632033e+00
8.255997220370649148e-02 7.734647346281803282e-02 8.556727250649991123e-02 8.336720531423747610e-04 1.025299648454294299e-03 1.174797262134296468e-03 1.139352321641319055e+00
8.447439229883674239e-02 8.169219420267301301e-02 8.815072518609150254e-02 4.623083606105264989e-04 8.270543516546779517e-04 1.134629667386087429e-03 1.069274057427680669e+00
8.425922238329061620e-02 7.643114609380120827e-02 8.602128711735824995e-02 1.257896463424838102e-03 1.055276042611064590e-03 1.071866296007917057e-03 1.215329807548721774e+00
8.290793051266788505e-02 7.740455774580876080e-02 8.551631445365179274e-02 8.822593820691235558e-04 1.028357212583331289e-03 1.080851141006496704e-03 1.147252683547930419e+00
8.454841755820717564e-02 7.686294932194154272e-02 8.575454683755298624e-02 1.240521933129601871e-03 1.134588313280286654e-03 1.344013595982040650e-03 1.209976338116513839e+00
8.695065852921859961e-02 7.987794540992879111e-02 8.757402757844394425e-02 1.179930855753211390e-03 9.231705479500491168e-04 1.211692101763934843e-03 1.184928048682544421e+00
8.483789899666743795e-02 7.839696489299369242e-02 8.627283040111405343e-02 1.051385001735460900e-03 1.125575376720335669e-03 1.294983377476863770e-03 1.171065833768379028e+00
8.413317694380949285e-02 7.561365933626856828e-02 8.624936887577708267e-02 1.360965984437081770e-03 1.078072064174069068e-03 1.066880761001660861e-03 1.238038255088982353e+00
8.360125401569429293e-02 7.735384674006473560e-02 8.504037780352619036e-02 1.005552067511216938e-03 1.137992652917102976e-03 1.222679484916718495e-03 1.168050857158617006e+00
8.384972277094887572e-02 7.905916788922001670e-02 8.598806330842077850e-02 7.804239814291052263e-04 1.015674971119011642e-03 1.148668999759721015e-03 1.124860804322048713e+00
8.059223277579150024e-02 7.453252943554682097e-02 8.267581021093081683e-02 9.400100397267078384e-04 1.011866752106260455e-03 1.159581488891710341e-03 1.169215745463451084e+00
8.583670814421866246e-02 7.773672451082216939e-02 8.568755599925666211e-02 1.324942127364314368e-03 9.432525849006767214e-04 1.120104817213360155e-03 1.219252439489310280e+00
8.334788360822970033e-02 7.673937964413099500e-02 8.721967381569124822e-02 1.057937313804938745e-03 9.968336029992142834e-04 1.089653614762970020e-03 1.179648405529478694e+00
8.150030006088586354e-02 7.619418061284791155e-02 8.434652262234168529e-02 8.367457507511442613e-04 1.012019161264234891e-03 1.154708500637941209e-03 1.144128514165104082e+00
8.902927261745684218e-02 8.232806737284130427e-02 9.085172555290488283e-02 1.148300705446353778e-03 1.195882177377718958e-03 1.448520067879573072e-03 1.169418093585116836e+00
8.792113973025260376e-02 8.062317512255129381e-02 9.012880355149452405e-02 1.230030444625028647e-03 1.063085533501345386e-03 1.279662704180730423e-03 1.189232647518840613e+00
8.455760350911879775e-02 7.793090720483673850e-02 8.629883178753669504e-02 1.076762013436464820e-03 1.174865352914998204e-03 1.363430473777341688e-03 1.177296540692388760e+00
8.273282115590252506e-02 7.598688231861937259e-02 8.555430549314656241e-02 1.070713411910843155e-03 1.231177970137192551e-03 1.349001026361685033e-03 1.185436828287566247e+00
8.538538344485077647e-02 7.924258470261966170e-02 8.683522545646281399e-02 1.011276475672345451e-03 9.675197392042402629e-04 1.307570464347444046e-03 1.161047000061450341e+00
8.242021087355784481e-02 7.706325645397502089e-02 8.590067653635184708e-02 8.543456651506197569e-04 1.047975149670802696e-03 1.278972285693533032e-03 1.143859619144824036e+00
8.354222822930486292e-02 7.739238909918184917e-02 8.643050887106951130e-02 9.897220070381003085e-04 9.414932491580510227e-04 1.089221520583532254e-03 1.165240583589203238e+00
8.366644350128066288e-02 7.708568847390542822e-02 8.584975307693863689e-02 1.057870400656992643e-03 1.042326155471761653e-03 1.081865243219355243e-03 1.178026623330256761e+00
8.080367468051362356e-02 7.565350522651660692e-02 8.320063759183554675e-02 8.057809888157027936e-04 1.046933944317616398e-03 1.161820978126684506e-03 1.140785817495657106e+00
8.449259931601663109e-02 7.727831172378359093e-02 8.597371939328607438e-02 1.167061876298666062e-03 1.040510234511598641e-03 1.179555824278401277e-03 1.195424329801367591e+00
8.712380263286620408e-02 8.007503146977008879e-02 8.782774843920206076e-02 1.178546320325954064e-03 1.157993729140132776e-03 1.319210186107279675e-03 1.183802925778064452e+00
8.175249833710145075e-02 7.806905816338788329e-02 8.555185090444707152e-02 5.886931418393349241e-04 9.759964139744758179e-04 1.112000353054546026e-03 1.096589762096411347e+00
8.543162347229883713e-02 7.836580025116908488e-02 8.595138891994043295e-02 1.157363640106509259e-03 1.105350542460648185e-03 1.250046538570410157e-03 1.188458915963223728e+00
8.394464072618641748e-02 7.679834955708926547e-02 8.639862264734046726e-02 1.148716211955642420e-03 1.015459200815156844e-03 1.287601073507774717e-03 1.194764130604449637e+00
8.501838126259503303e-02 7.822935203625593081e-02 8.566236327634782488e-02 1.108293632499510011e-03 9.662639888189893372e-04 1.144838493663696962e-03 1.181098716341337118e+00
8.443725071685569128e-02 7.910800642069588939e-02 8.784268735649060356e-02 8.715726287642847070e-04 9.337072525602024440e-04 1.214827697047869432e-03 1.139271644204944423e+00
8.314425955469975649e-02 7.663050562828513379e-02 8.534651798660658484e-02 1.040733504052641922e-03 1.172923876649569755e-03 1.338479969912680827e-03 1.177229557682579753e+00
8.491119204546963839e-02 7.824343518903825734e-02 8.649587658116918154e-02 1.087875384401396431e-03 1.033679651179677042e-03 1.252425447949660590e-03 1.177698323795019819e+00
8.376966805314699227e-02 7.721544628577577118e-02 8.511698228537412092e-02 1.055132140622912044e-03 9.886666810838794228e-04 1.163278447200225864e-03 1.176969523113031713e+00
8.389246211852864621e-02 7.863611832371643351e-02 8.634922577854919901e-02 8.543060952872320868e-04 1.125196550733864728e-03 1.317815064274910873e-03 1.138155878889095973e+00
8.077048866804055482e-02 7.605404666247468637e-02 8.491233531687086833e-02 7.396538259361908063e-04 9.393767182311182559e-04 1.269708632861756307e-03 1.127874472258733496e+00
8.457527430112835032e-02 7.802326768088178877e-02 8.734094852419874155e-02 1.065346723508568162e-03 1.006033430442380017e-03 1.208123652841371423e-03 1.175001876112306887e+00
8.464713664059821119e-02 7.790933324438435725e-02 8.524742629880109612e-02 1.095273534867570280e-03 1.089110373854163026e-03 1.272448715373727729e-03 1.180444487321384850e+00
8.626941785061321977e-02 7.679317456694292887e-02 8.681452147335569358e-02 1.545220796214732094e-03 1.070927918761926294e-03 1.258136212690183584e-03 1.262026551837838628e+00
8.223935404653011372e-02 7.797214357000309404e-02 8.460848659714009790e-02 6.836561810893539495e-04 1.096400139757508930e-03 1.119977627629983223e-03 1.112449828427212850e+00
8.449581189884293464e-02 7.740273342101383625e-02 8.569546397521815573e-02 1.148359087400114761e-03 1.194935958958676840e-03 1.244269954793883817e-03 1.191674842909226095e+00
8.543243105533827875e-02 7.958575366255582484e-02 8.712430534375391333e-02 9.648080899881100042e-04 1.027682239628243061e-03 1.152527490533777422e-03 1.152324678357332433e+00
8.244085635023506997e-02 7.558841200346048950e-02 8.363294619821731724e-02 1.082886766555204647e-03 1.099414269017729264e-03 1.115389121419466762e-03 1.189527661159125671e+00
8.498783864651994480e-02 7.727968738233462198e-02 8.802053585579992789e-02 1.250782635895539979e-03 1.190926685500915067e-03 1.238470037320063468e-03 1.209435901432542426e+00
8.057641137376386764e-02 7.438407206866738675e-02 8.324501173132448084e-02 9.595678923573196933e-04 9.982745946171506062e-04 1.268048360335171992e-03 1.173426639406757399e+00
8.521200062397737973e-02 7.738528232551498964e-02 8.729301857230133133e-02 1.272603129741058797e-03 1.003710845928443068e-03 1.172523119997741963e-03 1.212508469861695026e+00
8.036383210440452285e-02 7.610935939092290659e-02 8.274067110982434581e-02 6.657109236082548939e-04 9.002219207528005954e-04 1.038515669183482770e-03 1.114923686903043887e+00
8.612968842640122968e-02 7.932913294755258860e-02 8.671319877661677611e-02 1.125211894218479738e-03 1.176727938634779735e-03 1.304671080122956749e-03 1.178800570093465172e+00
8.456986263311538909e-02 7.866641606538371523e-02 8.704701119027166700e-02 9.636566492119457220e-04 9.375172442048308524e-04 1.115860279828327813e-03 1.155719712370368413e+00
8.438370914535167633e-02 7.737295718642103748e-02 8.549711439328450124e-02 1.134035865355565234e-03 9.654127154548600891e-04 1.204055919161711253e-03 1.189429842498591627e+00
8.413579085403991020e-02 7.691228227078265867e-02 8.592004938564057337e-02 1.163332138534197563e-03 1.012233449983895818e-03 1.097016981678781370e-03 1.196658321852891671e+00
8.380371612636434986e-02 7.831025141459313499e-02 8.555322442827231755e-02 8.905673599714745980e-04 8.829359241078454240e-04 1.134708369994358616e-03 1.145221038216368781e+00
8.402236188120137950e-02 8.052501470338198353e-02 8.710892764451251546e-02 5.754793031156786587e-04 1.138481522211624202e-03 1.164274238712728919e-03 1.088749943129938780e+00
8.216141134212867625e-02 7.590590953486381354e-02 8.316391267451742064e-02 9.887904114155411997e-04 1.110490427218048699e-03 1.201964829824475655e-03 1.171614140367924328e+00
8.495111054522783145e-02 7.992780832568965876e-02 8.840145257486409225e-02 8.282366391193342683e-04 8.405514039895406421e-04 1.092429229253994057e-03 1.129645853069402461e+00
8.564400241216441056e-02 8.028378130971601523e-02 8.722464467977963931e-02 8.894096077885172910e-04 1.049015790663349827e-03 1.267296422131015477e-03 1.137989543546043203e+00
8.409285823716217134e-02 7.489504122491004445e-02 8.657717700075621969e-02 1.462341606414479210e-03 9.992276525111537175e-04 1.192327074552168879e-03 1.260701006789865186e+00
8.781359713421062196e-02 8.054013690135887471e-02 8.897121513691286232e-02 1.224514189559814357e-03 1.218932162538066384e-03 1.317979749352022429e-03 1.188772659814473220e+00
8.406366791991647103e-02 7.802249700740183924e-02 8.649730565417500239e-02 9.791902248799649183e-04 1.001197986137443733e-03 1.158610185109819422e-03 1.160852338404912532e+00
8.617595393536242598e-02 8.034530248033952549e-02 8.812533822709232856e-02 9.709274060124544609e-04 9.772512843464601674e-04 1.088243972675725360e-03 1.150406214109543912e+00
8.760095613455061436e-02 7.822575631393609286e-02 8.847583849159455782e-02 1.554658564800148919e-03 1.021772288857464208e-03 1.375882565485910848e-03 1.254059525292595456e+00
8.529066956425694623e-02 7.850524428363939156e-02 8.629491442612642615e-02 1.111424934685370514e-03 9.547154143315224025e-04 1.141548863479025953e-03 1.180336151486688578e+00
8.641459461861432378e-02 7.990622290078118473e-02 8.885414126657510681e-02 1.082477704830119708e-03 1.010689417387816962e-03 1.171719971274001650e-03 1.169534369459708678e+00
8.390730159716378034e-02 7.819298167989036097e-02 8.727065133999177549e-02 9.262928773257341972e-04 9.023003108984883544e-04 1.193678668018843900e-03 1.151500050072598480e+00
8.398347281936424658e-02 7.963889313318038565e-02 8.698370693675483434e-02 7.108704073227672601e-04 1.034574010927107436e-03 1.286142839520709128e-03 1.112083066608928972e+00
8.337685762322093186e-02 7.661295396753553533e-02 8.508228994569072556e-02 1.082155671491135708e-03 1.271099184056726167e-03 1.248251758803678229e-03 1.184367906527596270e+00
8.400188315828775731e-02 7.741353706886633379e-02 8.554337201736932073e-02 1.063460652625886071e-03 1.225131814317714134e-03 1.466774819356804959e-03 1.177454739784298265e+00
8.424585584639318614e-02 7.749067370284530576e-02 8.467114129348587981e-02 1.092559716370419473e-03 1.080287471562494652e-03 1.189855099789412490e-03 1.181947591196915504e+00
8.486705571669674042e-02 7.724979987837207740e-02 8.550297190242428513e-02 1.234885564772374503e-03 1.061765151710399122e-03 1.114608751933052287e-03 1.206934064438417220e+00
8.767616635728513186e-02 7.987695653217119496e-02 8.848801997104228934e-02 1.306781962267970949e-03 1.257000465852481895e-03 1.181933683144798138e-03 1.204814223408204876e+00
8.279374800360600473e-02 7.578589546519012843e-02 8.515710536496681748e-02 1.111302757023886929e-03 1.097413733048011823e-03 1.169778336083388123e-03 1.193488705395364669e+00
8.248437792643746602e-02 7.635012350476103049e-02 8.478286542550125815e-02 9.743312427191019170e-04 8.444839977713020345e-04 1.049767095368879955e-03 1.167142595137730776e+00
8.349625409445149415e-02 7.765624651993507932e-02 8.479499628144127055e-02 9.411318242402788928e-04 1.183012655623999964e-03 1.189430398184138657e-03 1.156062179823035496e+00
8.890900663188927577e-02 8.202375302353688558e-02 8.903410325604668718e-02 1.176915400203154202e-03 1.076730949816106977e-03 1.212486093807530353e-03 1.174930675161408145e+00
8.595890014335333396e-02 7.820926376847624206e-02 8.718556494909793231e-02 1.272243574647898869e-03 9.855293126237332866e-04 1.207433643127071073e-03 1.207995467366830056e+00
8.531187932364540927e-02 7.845241792855821295e-02 8.608496611786756181e-02 1.123334874895074928e-03 9.886135431125943427e-04 1.213599030784287764e-03 1.182514164922333633e+00
8.809315358394391449e-02 8.019592338367850792e-02 8.806007916971482496e-02 1.329017581003497095e-03 1.095941549192491196e-03 1.169398421160001067e-03 1.206645590030662518e+00
8.577596066365779370e-02 7.872289386262920630e-02 8.827833368680265691e-02 1.160221409666585719e-03 1.062554648424440503e-03 1.292598686266079825e-03 1.187214194820632729e+00
8.600814865510789109e-02 7.976866645584999860e-02 8.731041746990128583e-02 1.034361486934488525e-03 1.119698620953512918e-03 1.026358174856847535e-03 1.162557749574484545e+00
8.596660559263979984e-02 7.870283531560640089e-02 8.664275119587219742e-02 1.196120990405026389e-03 1.083384147781176572e-03 1.187494037362200883e-03 1.193105371764315636e+00
8.693985712419495526e-02 7.736360210087528388e-02 8.638629316183518703e-02 1.573411826752877350e-03 9.517993817690458729e-04 1.090547354570261911e-03 1.262886960485388954e+00
8.169374014197176848e-02 7.581643451413884460e-02 8.470742741800173226e-02 9.257354359473056113e-04 1.103436412674331296e-03 1.258398001278037770e-03 1.161049794511994859e+00
8.029024732642991991e-02 7.576036227437869808e-02 8.266124173022382227e-02 7.068913237941835959e-04 8.434366760962699319e-04 9.545219334143361170e-04 1.123159683966912903e+00
8.323535121349634469e-02 7.911059303814041432e-02 8.643530897609968955e-02 6.696377607878162622e-04 9.974476141345958724e-04 1.202256951733768038e-03 1.106996766979592373e+00
8.785300311741120471e-02 7.998160544776466985e-02 8.867762789423482006e-02 1.321092946745964017e-03 1.026182859925338885e-03 1.169318366982751833e-03 1.206515731120930912e+00
8.518673484775270144e-02 7.900257718253914097e-02 8.675138865876519390e-02 1.015372592538270682e-03 9.975684396096849184e-04 1.214324677444444641e-03 1.162683279549041604e+00
8.449401423515789933e-02 7.694758159423607802e-02 8.601894786984777552e-02 1.218308128369447428e-03 9.412527985756072866e-04 1.084917976097045551e-03 1.205762956819985243e+00
8.362576002815870491e-02 7.803359275957816310e-02 8.551388581038790737e-02 9.040261413194973852e-04 1.174194157369537906e-03 1.326545362807918411e-03 1.148462846583843344e+00
8.235518116740793426e-02 7.806246678466829958e-02 8.625078722660362018e-02 6.886271446091413173e-04 1.107739593165732190e-03 1.260796779246656360e-03 1.113005503868528034e+00
8.424797009598235242e-02 7.840178649611025119e-02 8.668494277178434571e-02 9.508803395118807164e-04 1.007091043888465451e-03 1.244932269659743997e-03 1.154694171322857121e+00
8.565988441358783623e-02 7.716208023600253096e-02 8.570297499913531736e-02 1.383629171401935982e-03 9.000753662523726861e-04 1.112635196749462698e-03 1.232387013648832852e+00
8.517829710682447986e-02 7.818726735192525756e-02 8.639832919906989539e-02 1.142093522057026356e-03 8.617005036622347146e-04 1.212315581928554873e-03 1.186822680363994742e+00
8.230981641988537045e-02 7.746225461923948730e-02 8.507812240414379390e-02 7.745049883793424239e-04 9.261521301104147031e-04 1.255665548826916849e-03 1.129075540532679334e+00
8.278612067813742592e-02 7.664949231954755471e-02 8.416881328913813909e-02 9.783971040907531516e-04 1.129209034381600373e-03 1.220493912995431873e-03 1.166531576424495897e+00
8.809842779373430743e-02 8.133843644402313777e-02 8.916015586840543572e-02 1.145391736569426056e-03 1.196483568078292011e-03 1.220723425501124516e-03 1.173126044272821522e+00
8.296641793492025296e-02 7.811806796004885922e-02 8.591148805426397639e-02 7.809939631410450084e-04 1.108988515507997171e-03 1.203313296814629424e-03 1.127980761407859189e+00
8.217297178070220864e-02 7.710865544350220535e-02 8.409719490808191533e-02 8.066525469673391929e-04 1.082994039666521253e-03 1.275595393939205936e-03 1.135668882815732861e+00
8.540238580150509573e-02 7.781069256835941583e-02 8.414930852614954659e-02 1.239063622621376648e-03 1.013816906631411288e-03 1.159075272586870256e-03 1.204651553223099247e+00
8.571117843049302909e-02 8.068013400088443199e-02 8.811295257453553853e-02 8.371220855431455235e-04 8.851131341431812440e-04 1.108514364911656344e-03 1.128604326168949346e+00
8.422326224800590067e-02 7.697808612984358145e-02 8.473426484560345195e-02 1.167932159482759462e-03 1.021797237271788658e-03 1.180386879825050988e-03 1.197098536069924224e+00
8.437714282244189457e-02 7.877724633184134129e-02 8.658284258938567235e-02 9.136476912511475382e-04 9.366276922602792543e-04 1.248850857374722350e-03 1.147223510544282288e+00
8.333591945495204267e-02 7.697982279643611481e-02 8.572785683277284186e-02 1.018982353631549265e-03 9.150289673904103130e-04 1.175536924448169302e-03 1.171954224178596959e+00
8.368304558243920555e-02 7.959574246904238537e-02 8.641357916958923580e-02 6.673698987544798150e-04 1.115724028050265465e-03 1.295985269715303626e-03 1.105338453438031943e+00
8.348592293122319985e-02 7.518776638772213528e-02 8.412507916511209605e-02 1.316699113303461399e-03 1.010897906697389012e-03 1.181411052596700482e-03 1.232912167157183658e+00
8.277763954584967110e-02 7.693674563206684414e-02 8.517663262607698405e-02 9.328747803292580104e-04 8.703734380615593810e-04 1.154301238123190375e-03 1.157599824060018712e+00
8.395579666943860098e-02 7.651145856983589122e-02 8.507027261446666044e-02 1.194572501916403053e-03 9.377874291424908963e-04 1.214309247459685126e-03 1.204060784087733982e+00
8.335203372682181699e-02 7.752529738505280210e-02 8.624440541069890165e-02 9.373897917563664764e-04 1.076621438857463002e-03 1.316968893688388008e-03 1.155967222426195429e+00
8.145814042858373627e-02 7.513623044499999348e-02 8.363425004217869829e-02 9.899755165987244448e-04 1.026825150655035195e-03 1.245713227009659840e-03 1.175358026113063392e+00
8.468403697482726478e-02 7.755943324836621355e-02 8.637481242547538629e-02 1.155920432546136446e-03 1.029671429276023597e-03 1.243799795599723115e-03 1.192158095968079090e+00
8.405854792049283208e-02 7.650466090716380452e-02 8.603749268899751890e-02 1.212876337981672048e-03 9.623724197968503520e-04 1.202840597409186949e-03 1.207224325331030856e+00
8.262376494474958644e-02 7.594457658192527161e-02 8.380330064687982472e-02 1.059107821437318443e-03 1.005627549876897961e-03 1.179908862595601630e-03 1.183631273067078160e+00
8.337049408322459720e-02 7.708246547726621545e-02 8.592213675196616607e-02 1.008932799627049182e-03 9.265807286669686506e-04 1.207849069836366713e-03 1.169805223858629395e+00
8.571951433821305144e-02 7.912590250322322494e-02 8.785332701988345094e-02 1.086926691429525825e-03 1.039595440448972362e-03 1.207640749970121871e-03 1.173605268411023195e+00
8.591272291698109909e-02 7.954118543642110795e-02 8.718080017688994987e-02 1.054195778378839640e-03 8.600108495034039556e-04 1.185454152749348174e-03 1.166623845906522350e+00
8.145466027939347875e-02 7.744347265930735802e-02 8.529760957891785456e-02 6.373702236985153910e-04 1.001589089275406724e-03 1.134945570826315954e-03 1.106272802256012211e+00
8.880167977945291335e-02 8.045375548430731827e-02 8.759147329076968913e-02 1.412931560123786845e-03 1.136139246402301543e-03 1.219349629977395551e-03 1.218287307190863089e+00
8.530027265359567401e-02 7.708323462702122708e-02 8.445989777667690934e-02 1.334311454213357381e-03 1.062635741397486514e-03 1.210692861074900159e-03 1.224562561269115113e+00
8.509672751251647072e-02 7.940792138132610201e-02 8.757274590830722849e-02 9.358350552366107369e-04 1.098980161795063727e-03 1.139603406942476345e-03 1.148412900763482236e+00
8.432188661455664036e-02 7.875949606900163602e-02 8.619876358400409277e-02 9.071223411950624441e-04 1.058610758527407311e-03 1.176201270993622273e-03 1.146237921501005008e+00
8.738337796458721385e-02 8.077159643874172457e-02 8.893423736446853800e-02 1.111803953238951932e-03 1.048775772571917736e-03 1.131560232968337317e-03 1.170416201346544671e+00
8.508537269448758489e-02 7.662823969579428407e-02 8.579056056860727419e-02 1.367633527683750905e-03 8.343530262560923784e-04 1.227045015222487509e-03 1.232912094527035096e+00
8.532943333809961395e-02 7.875838613805424826e-02 8.695068166920166819e-02 1.078228806730330627e-03 9.840466734067573624e-04 1.063855608487048561e-03 1.173827031631412776e+00
8.422419564576456852e-02 7.673691714470315395e-02 8.600790529226073899e-02 1.205160679302990853e-03 9.868928164269740507e-04 1.305255032655086274e-03 1.204661549612569216e+00
8.462322985518934415e-02 7.933564861182933192e-02 8.577002702890841601e-02 8.669458904645510958e-04 1.009174402633353359e-03 1.238118288574397308e-03 1.137738465048121039e+00
8.367368954700844796e-02 7.638432996319664825e-02 8.384737888668115924e-02 1.166720458482649846e-03 1.065223413804139733e-03 1.195894853891718264e-03 1.199966970241292064e+00
8.299436761977269095e-02 7.636762106748454237e-02 8.496912837523923345e-02 1.056051509099064679e-03 1.020756064881780988e-03 1.232599753892890844e-03 1.181078370359840646e+00
8.622796192605397536e-02 7.981155221971282521e-02 8.791015006772229246e-02 1.065377550201067162e-03 1.105129349109652262e-03 1.247596749252736798e-03 1.167252272148944447e+00
8.451982076708484948e-02 7.727683099466396699e-02 8.675375548088362643e-02 1.171891493922289779e-03 9.959191958751991477e-04 1.251253051838502805e-03 1.196240568777747537e+00
8.542225067509748304e-02 7.862599654749330425e-02 8.743781285798538083e-02 1.114913577312763929e-03 9.597756502566820013e-04 1.196419922116937493e-03 1.180346981710367338e+00
8.467719625898521840e-02 7.858405895674558383e-02 8.663494404324251219e-02 9.947732441654344102e-04 1.088041706254711059e-03 1.348563061254817079e-03 1.161085029906653743e+00
8.271645508294903082e-02 7.580221655137274472e-02 8.364266776831538741e-02 1.096035907388316806e-03 9.792097268625267470e-04 1.085569379895410906e-03 1.190748430011466352e+00
8.576001637396674093e-02 7.810353551457584198e-02 8.602028642271063175e-02 1.254618148586433835e-03 9.525872330481162517e-04 1.221512731109947007e-03 1.205669635517500282e+00
8.864689972464211143e-02 8.033998903918004864e-02 8.766141392236104224e-02 1.403758991975183161e-03 1.085258305953664282e-03 1.205714691896222048e-03 1.217484852775957194e+00
8.392930289007909106e-02 7.675975501869305995e-02 8.627459398509010335e-02 1.152067893084864417e-03 9.696151955122890359e-04 1.291370754313161864e-03 1.195528880380811954e+00
8.529812336240896742e-02 7.816427755872605576e-02 8.585605045600233631e-02 1.166115562871172968e-03 1.174970153932847162e-03 1.321810791993190083e-03 1.190864410362841186e+00
8.349804793971779548e-02 7.803261204779722571e-02 8.563485494777478557e-02 8.828354667413818718e-04 1.031462476188347568e-03 1.206977702214209009e-03 1.144986472196400040e+00
