sigma_18, sigma_D, sigma_17,  diff1,  diff2, diff2_17O,  divis,  diff3 
5.915436e-02 5.252751e-02 5.914102e-02 7.400985e-04 6.664017e-04 7.556875e-04 1.268235e+00 5.906746e-04 
5.938938e-02 5.444416e-02 6.066910e-02 5.629328e-04 5.781074e-04 6.679112e-04 1.189913e+00 5.365967e-04 
5.570531e-02 4.971134e-02 5.819044e-02 6.318634e-04 6.698748e-04 7.563928e-04 1.255689e+00 6.092774e-04 
5.691002e-02 5.184733e-02 5.938940e-02 5.506051e-04 7.584173e-04 7.705939e-04 1.204827e+00 6.281686e-04 
5.680897e-02 5.116841e-02 6.818711e-02 6.090528e-04 6.463955e-04 7.800373e-04 1.232622e+00 6.281686e-04 
5.794763e-02 5.174156e-02 5.924258e-02 6.807382e-04 6.909547e-04 7.544856e-04 1.254273e+00 5.723602e-04 
5.929361e-02 5.274763e-02 5.983934e-02 7.334197e-04 7.658475e-04 8.509137e-04 1.263601e+00 6.281686e-04 
5.721494e-02 5.143429e-02 5.868430e-02 6.280636e-04 6.766739e-04 7.102214e-04 1.237409e+00 6.092774e-04 
5.981170e-02 5.359121e-02 6.023633e-02 7.054213e-04 6.169229e-04 7.626957e-04 1.245619e+00 5.543342e-04 
5.742724e-02 5.129530e-02 5.899699e-02 6.666809e-04 6.037684e-04 7.494954e-04 1.253375e+00 5.543342e-04 
5.728557e-02 5.109689e-02 5.927963e-02 6.707440e-04 6.521128e-04 7.414166e-04 1.256902e+00 6.092774e-04 
5.977657e-02 5.363738e-02 6.077835e-02 6.962691e-04 6.770620e-04 7.604037e-04 1.242015e+00 6.281686e-04 
5.800844e-02 5.173549e-02 5.885712e-02 6.884180e-04 6.107724e-04 6.579968e-04 1.257202e+00 5.906746e-04 
5.571318e-02 5.154703e-02 5.781548e-02 4.468621e-04 7.356539e-04 8.011428e-04 1.168177e+00 6.281686e-04 
5.823766e-02 5.188689e-02 5.876620e-02 6.993759e-04 7.312200e-04 7.917432e-04 1.259774e+00 6.092774e-04 
5.702361e-02 5.163826e-02 5.919171e-02 5.851816e-04 5.581292e-04 6.376322e-04 1.219456e+00 5.543342e-04 
6.006844e-02 5.320657e-02 6.005672e-02 7.772778e-04 6.715927e-04 7.202600e-04 1.274565e+00 6.281686e-04 
5.920058e-02 5.294951e-02 6.102961e-02 7.010587e-04 6.621758e-04 7.155450e-04 1.250052e+00 5.906746e-04 
5.713019e-02 5.052624e-02 5.903756e-02 7.109580e-04 6.641166e-04 7.259643e-04 1.278490e+00 5.723602e-04 
5.831126e-02 5.166697e-02 5.873140e-02 7.307277e-04 8.118090e-04 7.994464e-04 1.273735e+00 6.092774e-04 
5.796377e-02 5.098709e-02 5.875096e-02 7.601152e-04 6.167267e-04 8.190437e-04 1.292388e+00 5.723602e-04 
5.789016e-02 5.215952e-02 5.904742e-02 6.306551e-04 6.508337e-04 6.866187e-04 1.231806e+00 5.906746e-04 
5.868307e-02 5.113091e-02 5.920992e-02 8.293326e-04 6.304633e-04 7.679916e-04 1.317221e+00 5.543342e-04 
5.848737e-02 5.190893e-02 5.865087e-02 7.262355e-04 6.422663e-04 7.646795e-04 1.269521e+00 5.906746e-04 
5.917759e-02 5.178611e-02 6.024280e-02 8.201871e-04 6.480400e-04 7.875047e-04 1.305834e+00 6.281686e-04 
6.219598e-02 5.052592e-02 5.783312e-02 1.315471e-03 6.569766e-04 8.376702e-04 1.515291e+00 5.906746e-04 
5.818966e-02 5.187719e-02 5.893376e-02 6.947945e-04 6.602326e-04 6.623315e-04 1.258169e+00 5.906746e-04 
5.556092e-02 5.112083e-02 5.793338e-02 4.736766e-04 5.726945e-04 8.087363e-04 1.181253e+00 5.543342e-04 
5.682648e-02 5.281707e-02 5.831898e-02 4.396062e-04 6.773060e-04 7.743107e-04 1.157585e+00 5.906746e-04 
5.885325e-02 5.099322e-02 6.000171e-02 8.633961e-04 6.086629e-04 7.310921e-04 1.332036e+00 5.723602e-04 
5.915489e-02 5.192714e-02 5.990418e-02 8.028741e-04 6.274236e-04 7.817111e-04 1.297755e+00 6.473482e-04 
5.714008e-02 5.137221e-02 5.844355e-02 6.258849e-04 6.504099e-04 7.428685e-04 1.237158e+00 5.543342e-04 
5.921670e-02 5.223099e-02 5.992485e-02 7.785414e-04 6.490604e-04 7.145693e-04 1.285381e+00 6.092774e-04 
5.887078e-02 5.280303e-02 6.009741e-02 6.776087e-04 6.440050e-04 7.165508e-04 1.243031e+00 5.723602e-04 
5.802454e-02 5.145610e-02 5.883922e-02 7.191165e-04 7.182284e-04 8.029191e-04 1.271597e+00 5.723602e-04 
5.576146e-02 5.161373e-02 5.751975e-02 4.453632e-04 7.101330e-04 7.542185e-04 1.167180e+00 5.723602e-04 
5.755147e-02 5.172337e-02 5.903047e-02 6.368645e-04 7.144115e-04 8.229755e-04 1.238053e+00 5.906746e-04 
5.835023e-02 5.076155e-02 5.924591e-02 8.280143e-04 6.333048e-04 7.016720e-04 1.321342e+00 6.092774e-04 
5.829601e-02 5.225296e-02 5.877438e-02 6.680526e-04 6.611060e-04 6.816937e-04 1.244675e+00 6.281686e-04 
5.990299e-02 5.247560e-02 6.015795e-02 8.346796e-04 6.390871e-04 6.462110e-04 1.303113e+00 6.092774e-04 
5.900785e-02 5.206045e-02 5.798519e-02 7.716357e-04 7.346330e-04 8.400728e-04 1.284706e+00 5.723602e-04 
5.864532e-02 5.277580e-02 5.966882e-02 6.539877e-04 6.674778e-04 7.828299e-04 1.234801e+00 5.723602e-04 
5.806746e-02 5.157310e-02 6.025573e-02 7.120452e-04 6.910228e-04 7.153298e-04 1.267708e+00 5.906746e-04 
5.796330e-02 5.091087e-02 5.863695e-02 7.678281e-04 6.604403e-04 8.874143e-04 1.296240e+00 6.092774e-04 
5.999366e-02 5.284573e-02 6.069375e-02 8.065679e-04 5.732648e-04 7.515285e-04 1.288816e+00 6.092774e-04 
5.728577e-02 5.131038e-02 5.874051e-02 6.489043e-04 6.381761e-04 7.210513e-04 1.246473e+00 5.365967e-04 
5.746995e-02 5.034788e-02 5.798587e-02 7.678853e-04 4.750724e-04 5.851530e-04 1.302924e+00 5.723602e-04 
5.911598e-02 5.258564e-02 5.964973e-02 7.294499e-04 6.146780e-04 7.296089e-04 1.263792e+00 5.723602e-04 
5.728724e-02 5.141914e-02 5.930180e-02 6.378994e-04 6.820275e-04 7.891927e-04 1.241270e+00 5.723602e-04 
5.576883e-02 5.017139e-02 5.717352e-02 5.929947e-04 6.543979e-04 7.291565e-04 1.235580e+00 6.281686e-04 
5.635514e-02 5.076463e-02 5.847788e-02 5.988539e-04 6.315005e-04 7.671785e-04 1.232380e+00 6.473482e-04 
5.696122e-02 5.150867e-02 5.921612e-02 5.914368e-04 7.007519e-04 7.668226e-04 1.222919e+00 5.723602e-04 
5.716115e-02 5.292036e-02 5.897253e-02 4.668327e-04 6.408339e-04 7.742685e-04 1.166692e+00 5.906746e-04 
5.729667e-02 5.180600e-02 5.980896e-02 5.990470e-04 5.955393e-04 6.719264e-04 1.223203e+00 5.365967e-04 
5.794802e-02 5.276827e-02 5.985146e-02 5.734832e-04 6.431083e-04 8.830883e-04 1.205956e+00 5.365967e-04 
5.712918e-02 5.047126e-02 5.819366e-02 7.163945e-04 7.475718e-04 8.057289e-04 1.281231e+00 5.906746e-04 
5.882376e-02 5.148720e-02 5.920465e-02 8.093022e-04 5.381608e-04 6.978318e-04 1.305290e+00 5.723602e-04 
5.950210e-02 5.252398e-02 5.961149e-02 7.817322e-04 6.877559e-04 6.916590e-04 1.283363e+00 5.906746e-04 
5.819579e-02 5.253207e-02 5.956020e-02 6.271326e-04 6.585728e-04 7.153158e-04 1.227253e+00 5.543342e-04 
5.997405e-02 5.279531e-02 6.003560e-02 8.095427e-04 6.245155e-04 7.402955e-04 1.290435e+00 6.281686e-04 
5.643600e-02 5.108140e-02 5.813588e-02 5.757134e-04 7.812443e-04 7.618850e-04 1.220638e+00 5.723602e-04 
5.682070e-02 5.035461e-02 5.732646e-02 6.930054e-04 7.187794e-04 7.220370e-04 1.273312e+00 5.906746e-04 
5.832432e-02 5.252854e-02 5.868049e-02 6.424789e-04 5.437495e-04 6.972693e-04 1.232846e+00 5.723602e-04 
5.888018e-02 5.150712e-02 5.969851e-02 8.138920e-04 6.854984e-04 6.784079e-04 1.306784e+00 6.092774e-04 
5.932954e-02 5.304423e-02 6.024878e-02 7.063044e-04 6.646931e-04 7.776050e-04 1.251024e+00 6.281686e-04 
5.834944e-02 5.332343e-02 6.007185e-02 5.612685e-04 8.059285e-04 7.808345e-04 1.197394e+00 6.668162e-04 
5.849214e-02 5.194554e-02 5.969822e-02 7.229907e-04 6.793997e-04 7.963843e-04 1.267939e+00 5.723602e-04 
5.799878e-02 5.169821e-02 5.944100e-02 6.911535e-04 6.853371e-04 7.332720e-04 1.258597e+00 5.723602e-04 
5.927702e-02 4.964752e-02 5.917798e-02 1.048889e-03 5.561891e-04 8.008215e-04 1.425534e+00 5.723602e-04 
6.047174e-02 5.460142e-02 6.132201e-02 6.755166e-04 5.650189e-04 6.903214e-04 1.226583e+00 5.191476e-04 
5.652632e-02 5.143985e-02 5.777170e-02 5.491666e-04 6.419320e-04 7.453231e-04 1.207541e+00 5.906746e-04 
5.911233e-02 5.465491e-02 6.149292e-02 5.071089e-04 5.913422e-04 6.710344e-04 1.169763e+00 5.543342e-04 
5.954674e-02 5.293840e-02 6.092500e-02 7.433400e-04 5.131355e-04 6.391817e-04 1.265244e+00 6.092774e-04 
5.855236e-02 5.340966e-02 6.009024e-02 5.757863e-04 6.588536e-04 7.153127e-04 1.201847e+00 5.906746e-04 
5.719634e-02 5.194202e-02 5.865732e-02 5.734483e-04 6.749297e-04 7.381410e-04 1.212548e+00 6.092774e-04 
5.689767e-02 5.083553e-02 5.848802e-02 6.530931e-04 5.206153e-04 6.676231e-04 1.252720e+00 5.543342e-04 
5.912903e-02 5.231267e-02 5.964107e-02 7.596271e-04 7.160296e-04 7.633394e-04 1.277579e+00 6.092774e-04 
5.952642e-02 5.063129e-02 5.935058e-02 9.798681e-04 6.469655e-04 8.240484e-04 1.382234e+00 5.723602e-04 
5.888141e-02 5.333090e-02 5.984733e-02 6.228350e-04 6.076639e-04 7.091059e-04 1.218985e+00 5.906746e-04 
5.665590e-02 5.062342e-02 5.793472e-02 6.471602e-04 6.574445e-04 6.595108e-04 1.252528e+00 6.092774e-04 
5.860995e-02 5.273539e-02 6.114697e-02 6.541052e-04 6.640700e-04 7.372664e-04 1.235203e+00 5.543342e-04 
5.868255e-02 5.182968e-02 6.028324e-02 7.573259e-04 7.142441e-04 7.923712e-04 1.281920e+00 5.906746e-04 
5.683624e-02 5.129262e-02 5.860544e-02 5.994255e-04 5.641307e-04 7.427040e-04 1.227838e+00 5.723602e-04 
5.916598e-02 5.212592e-02 5.934450e-02 7.835017e-04 6.994690e-04 7.343116e-04 1.288358e+00 6.473482e-04 
5.928669e-02 5.268451e-02 5.917251e-02 7.392544e-04 5.390596e-04 7.071441e-04 1.266335e+00 5.543342e-04 
6.590987e-02 5.103646e-02 5.857397e-02 1.739391e-03 6.327885e-04 7.585290e-04 1.667784e+00 5.723602e-04 
5.864929e-02 5.302561e-02 5.968739e-02 6.280230e-04 6.108921e-04 7.100779e-04 1.223359e+00 5.906746e-04 
5.964699e-02 5.214413e-02 5.920768e-02 8.387540e-04 6.846187e-04 7.714127e-04 1.308478e+00 6.473482e-04 
5.737490e-02 5.213469e-02 5.969487e-02 5.738536e-04 6.606365e-04 7.587612e-04 1.211129e+00 5.543342e-04 
5.729366e-02 5.115040e-02 5.945669e-02 6.662006e-04 7.315524e-04 7.745155e-04 1.254628e+00 5.723602e-04 
5.852691e-02 5.139536e-02 5.948937e-02 7.839163e-04 7.459533e-04 7.627440e-04 1.296771e+00 5.906746e-04 
5.806106e-02 5.140443e-02 5.856772e-02 7.286718e-04 5.791574e-04 7.189468e-04 1.275760e+00 5.723602e-04 
5.837909e-02 5.224508e-02 6.034436e-02 6.785699e-04 5.969781e-04 7.207939e-04 1.248602e+00 5.723602e-04 
5.644017e-02 5.130811e-02 5.919223e-02 5.529709e-04 6.465754e-04 7.326959e-04 1.210054e+00 5.543342e-04 
5.736617e-02 5.167150e-02 5.875421e-02 6.209342e-04 6.213940e-04 7.264526e-04 1.232565e+00 5.906746e-04 
5.734209e-02 5.132854e-02 5.883620e-02 6.534959e-04 6.724014e-04 7.660261e-04 1.248042e+00 5.723602e-04 
5.900740e-02 5.220494e-02 5.968219e-02 7.565182e-04 6.907042e-04 8.167507e-04 1.277585e+00 6.473482e-04 
5.934637e-02 5.360930e-02 6.043041e-02 6.480354e-04 5.101928e-04 5.764527e-04 1.225485e+00 5.365967e-04 
5.835637e-02 5.214536e-02 5.884128e-02 6.863275e-04 6.875655e-04 7.381333e-04 1.252406e+00 5.906746e-04 
5.539360e-02 4.956486e-02 5.825715e-02 6.117750e-04 6.777300e-04 8.213263e-04 1.249026e+00 5.906746e-04 
5.672538e-02 5.051711e-02 5.853608e-02 6.657909e-04 5.882052e-04 8.027119e-04 1.260892e+00 6.092774e-04 
5.824667e-02 5.255873e-02 5.961674e-02 6.302547e-04 6.865793e-04 6.973279e-04 1.228153e+00 5.543342e-04 
5.687615e-02 5.206988e-02 5.953180e-02 5.236238e-04 6.228052e-04 7.683774e-04 1.193128e+00 5.723602e-04 
5.645572e-02 5.137411e-02 5.931531e-02 5.479487e-04 6.164895e-04 6.987744e-04 1.207611e+00 5.543342e-04 
5.943155e-02 5.368306e-02 6.060147e-02 6.502379e-04 6.705120e-04 8.173286e-04 1.225630e+00 5.906746e-04 
5.796341e-02 5.098180e-02 5.895070e-02 7.606130e-04 6.588454e-04 7.432072e-04 1.292640e+00 5.723602e-04 
5.835985e-02 5.301557e-02 5.983254e-02 5.952219e-04 6.050431e-04 7.775971e-04 1.211774e+00 5.543342e-04 
6.002853e-02 5.307771e-02 5.996578e-02 7.861809e-04 6.330542e-04 6.916465e-04 1.279060e+00 5.723602e-04 
5.688721e-02 5.080795e-02 5.802938e-02 6.547061e-04 7.381566e-04 7.250928e-04 1.253620e+00 5.906746e-04 
5.774447e-02 5.124662e-02 5.883262e-02 7.082077e-04 6.759405e-04 7.555823e-04 1.269668e+00 5.723602e-04 
5.722370e-02 5.051574e-02 5.758937e-02 7.227118e-04 6.838734e-04 7.401645e-04 1.283212e+00 6.281686e-04 
5.922989e-02 5.342735e-02 5.964522e-02 6.536987e-04 6.548446e-04 7.742217e-04 1.229008e+00 5.906746e-04 
5.728381e-02 5.295354e-02 6.007843e-02 4.773571e-04 5.970562e-04 7.058801e-04 1.170237e+00 5.365967e-04 
5.847610e-02 5.221500e-02 5.875289e-02 6.930487e-04 5.931353e-04 7.672015e-04 1.254199e+00 5.723602e-04 
5.864389e-02 5.114729e-02 5.902230e-02 8.230610e-04 6.850736e-04 7.631074e-04 1.314620e+00 5.543342e-04 
5.829181e-02 5.223697e-02 5.956536e-02 6.692342e-04 6.911631e-04 7.197821e-04 1.245257e+00 5.906746e-04 
5.973384e-02 5.388611e-02 6.097095e-02 6.644189e-04 6.863767e-04 8.306400e-04 1.228817e+00 6.092774e-04 
6.026745e-02 5.129955e-02 5.978617e-02 1.000523e-03 7.694294e-04 7.728580e-04 1.380189e+00 6.668162e-04 
5.732111e-02 5.078326e-02 5.959876e-02 7.067695e-04 6.947693e-04 7.579671e-04 1.274054e+00 6.281686e-04 
5.934879e-02 5.238096e-02 6.053517e-02 7.785145e-04 6.704417e-04 7.284362e-04 1.283739e+00 5.723602e-04 
5.802262e-02 5.132796e-02 6.116857e-02 7.320648e-04 7.251279e-04 8.147398e-04 1.277870e+00 6.092774e-04 
6.025270e-02 5.194474e-02 6.037836e-02 9.321318e-04 6.012715e-04 7.238263e-04 1.345457e+00 5.906746e-04 
5.818227e-02 5.229481e-02 6.024907e-02 6.504286e-04 6.781327e-04 6.754146e-04 1.237839e+00 5.906746e-04 
5.918279e-02 5.340232e-02 5.991002e-02 6.507943e-04 5.040674e-04 6.434207e-04 1.228204e+00 5.365967e-04 
5.843120e-02 5.146947e-02 5.894312e-02 7.650993e-04 5.428652e-04 6.627924e-04 1.288814e+00 5.723602e-04 
5.743660e-02 5.116719e-02 5.891472e-02 6.808814e-04 6.402989e-04 7.558391e-04 1.260069e+00 5.906746e-04 
5.736644e-02 5.122068e-02 5.882573e-02 6.673503e-04 6.775971e-04 7.437057e-04 1.254368e+00 5.723602e-04 
5.852417e-02 5.275173e-02 5.962866e-02 6.423328e-04 6.714309e-04 7.873404e-04 1.230827e+00 6.092774e-04 
5.864107e-02 5.298353e-02 6.093482e-02 6.315199e-04 7.301538e-04 8.025687e-04 1.224960e+00 5.906746e-04 
5.833760e-02 5.201010e-02 5.973781e-02 6.982246e-04 7.256264e-04 7.937172e-04 1.258119e+00 6.281686e-04 
5.652105e-02 5.074599e-02 5.760429e-02 6.194740e-04 6.181092e-04 7.528368e-04 1.240558e+00 6.092774e-04 
5.925415e-02 5.344516e-02 6.015118e-02 6.546698e-04 5.992752e-04 7.096082e-04 1.229195e+00 5.723602e-04 
6.053385e-02 5.523150e-02 6.234492e-02 6.138283e-04 6.811519e-04 6.844445e-04 1.201221e+00 6.281686e-04 
5.913262e-02 5.290543e-02 5.997042e-02 6.976827e-04 6.320453e-04 7.636202e-04 1.249263e+00 5.723602e-04 
5.921831e-02 5.310810e-02 6.056543e-02 6.863379e-04 6.193103e-04 6.730273e-04 1.243342e+00 5.723602e-04 
5.802266e-02 5.226180e-02 5.986410e-02 6.353342e-04 7.542079e-04 7.534482e-04 1.232613e+00 6.473482e-04 
5.676082e-02 5.188280e-02 5.907446e-02 5.299662e-04 6.016194e-04 7.911657e-04 1.196880e+00 5.723602e-04 
5.857402e-02 5.205637e-02 5.929569e-02 7.210497e-04 6.939958e-04 7.597214e-04 1.266083e+00 6.281686e-04 
5.734822e-02 5.140411e-02 5.857268e-02 6.464361e-04 6.171719e-04 7.592801e-04 1.244641e+00 5.723602e-04 
5.596437e-02 5.029219e-02 5.742158e-02 6.027067e-04 6.912660e-04 8.360483e-04 1.238290e+00 5.906746e-04 
5.654097e-02 5.042424e-02 5.812904e-02 6.542781e-04 7.998376e-04 7.069485e-04 1.257326e+00 5.906746e-04 
5.767451e-02 5.231260e-02 6.015020e-02 5.897406e-04 6.908051e-04 7.567392e-04 1.215501e+00 5.543342e-04 
5.840998e-02 5.108644e-02 5.840427e-02 8.019020e-04 6.802918e-04 6.922574e-04 1.307263e+00 6.092774e-04 
5.943708e-02 5.340125e-02 6.009317e-02 6.810733e-04 7.448331e-04 7.002217e-04 1.238831e+00 5.906746e-04 
5.806679e-02 5.160106e-02 5.885681e-02 7.090829e-04 6.660154e-04 7.168306e-04 1.266305e+00 6.281686e-04 
5.969531e-02 5.265820e-02 6.080050e-02 7.906450e-04 6.789612e-04 7.520442e-04 1.285134e+00 5.906746e-04 
5.910216e-02 5.141935e-02 5.962950e-02 8.491158e-04 6.828880e-04 6.926414e-04 1.321154e+00 5.906746e-04 
5.699947e-02 5.121391e-02 5.905278e-02 6.260749e-04 6.181097e-04 7.482223e-04 1.238699e+00 5.191476e-04 
5.611868e-02 5.123736e-02 5.731607e-02 5.240395e-04 6.115516e-04 7.290880e-04 1.199614e+00 5.906746e-04 
5.771304e-02 5.165195e-02 5.949708e-02 6.628720e-04 5.615368e-04 7.843664e-04 1.248460e+00 5.906746e-04 
5.640002e-02 5.096225e-02 5.734191e-02 5.838114e-04 6.843682e-04 7.796893e-04 1.224789e+00 5.906746e-04 
5.669767e-02 5.237520e-02 5.879011e-02 4.714634e-04 6.377356e-04 7.485805e-04 1.171869e+00 5.723602e-04 
5.866296e-02 5.142180e-02 5.937029e-02 7.971415e-04 7.085469e-04 7.735406e-04 1.301468e+00 6.281686e-04 
5.867600e-02 5.245514e-02 5.960968e-02 6.913308e-04 7.605422e-04 7.745448e-04 1.251252e+00 6.473482e-04 
5.762604e-02 5.097578e-02 5.883189e-02 7.222299e-04 6.931314e-04 7.498869e-04 1.277938e+00 6.281686e-04 
5.709078e-02 5.124787e-02 5.799202e-02 6.330128e-04 7.209967e-04 7.983987e-04 1.241024e+00 6.092774e-04 
6.005619e-02 5.280117e-02 5.970780e-02 8.187830e-04 6.764843e-04 7.085987e-04 1.293685e+00 6.281686e-04 
5.782946e-02 5.051861e-02 5.766333e-02 7.921169e-04 5.635720e-04 7.674204e-04 1.310375e+00 5.906746e-04 
5.712639e-02 5.009564e-02 5.837841e-02 7.538512e-04 5.764583e-04 7.176522e-04 1.300390e+00 5.906746e-04 
5.674589e-02 5.063473e-02 5.733774e-02 6.562195e-04 7.028980e-04 6.525421e-04 1.255948e+00 6.092774e-04 
5.726246e-02 5.034787e-02 5.917559e-02 7.440817e-04 6.969759e-04 8.250559e-04 1.293534e+00 6.281686e-04 
5.949713e-02 5.360343e-02 5.995829e-02 6.665815e-04 6.950857e-04 8.136533e-04 1.231989e+00 6.092774e-04 
5.814075e-02 5.189709e-02 5.855468e-02 6.870389e-04 5.964854e-04 5.769787e-04 1.255091e+00 5.906746e-04 
5.859607e-02 5.223821e-02 5.918293e-02 7.046693e-04 7.560381e-04 7.492863e-04 1.258231e+00 6.281686e-04 
5.736218e-02 5.277748e-02 5.819357e-02 5.049574e-04 6.291660e-04 7.989527e-04 1.181283e+00 5.723602e-04 
5.800780e-02 5.240865e-02 5.901187e-02 6.182387e-04 6.180876e-04 7.256094e-04 1.225087e+00 5.906746e-04 
5.995473e-02 5.225810e-02 6.009134e-02 8.636602e-04 6.064883e-04 7.701619e-04 1.316254e+00 5.723602e-04 
5.883944e-02 5.201027e-02 6.030722e-02 7.570118e-04 6.860104e-04 8.053003e-04 1.279849e+00 5.906746e-04 
5.765860e-02 5.126053e-02 6.004955e-02 6.968715e-04 7.187077e-04 7.341582e-04 1.265208e+00 5.906746e-04 
5.855192e-02 5.151959e-02 5.979261e-02 7.740590e-04 6.268403e-04 7.463787e-04 1.291628e+00 5.723602e-04 
5.868062e-02 5.219370e-02 5.933844e-02 7.192327e-04 6.621642e-04 7.585390e-04 1.264018e+00 5.906746e-04 
5.839599e-02 5.220075e-02 5.862717e-02 6.851734e-04 6.888517e-04 7.647215e-04 1.251447e+00 5.906746e-04 
5.795671e-02 5.166287e-02 5.880688e-02 6.899287e-04 6.755696e-04 7.478916e-04 1.258492e+00 5.723602e-04 
5.783259e-02 5.134185e-02 5.934390e-02 7.086226e-04 7.704924e-04 6.759331e-04 1.268826e+00 6.092774e-04 
5.540475e-02 5.034996e-02 5.748081e-02 5.345677e-04 6.362327e-04 7.834700e-04 1.210865e+00 5.906746e-04 
5.713175e-02 5.172025e-02 5.916251e-02 5.890528e-04 6.699414e-04 6.351286e-04 1.220208e+00 5.723602e-04 
5.683507e-02 5.149134e-02 5.923606e-02 5.788676e-04 6.662442e-04 7.632070e-04 1.218329e+00 5.723602e-04 
5.828071e-02 5.205632e-02 5.893836e-02 6.867803e-04 6.649587e-04 7.357042e-04 1.253438e+00 5.723602e-04 
5.784062e-02 5.438558e-02 6.064706e-02 3.877455e-04 6.951095e-04 7.192819e-04 1.131093e+00 6.473482e-04 
5.906769e-02 5.193891e-02 5.917459e-02 7.913416e-04 6.308344e-04 6.540885e-04 1.293345e+00 6.092774e-04 
5.714527e-02 5.142754e-02 5.859075e-02 6.207905e-04 6.385374e-04 7.335695e-04 1.234722e+00 5.723602e-04 
5.760072e-02 5.337890e-02 6.001578e-02 4.685359e-04 6.132440e-04 6.601697e-04 1.164439e+00 5.543342e-04 
5.852018e-02 5.322583e-02 6.002524e-02 5.916225e-04 6.158446e-04 6.364858e-04 1.208833e+00 5.543342e-04 
5.696679e-02 5.129062e-02 5.913014e-02 6.144869e-04 6.823377e-04 7.294727e-04 1.233581e+00 5.723602e-04 
5.725561e-02 5.249340e-02 5.866388e-02 5.226475e-04 8.172422e-04 8.725457e-04 1.189670e+00 6.473482e-04 
5.915410e-02 5.186519e-02 5.889606e-02 8.092096e-04 6.517536e-04 7.128873e-04 1.300822e+00 6.092774e-04 
5.785254e-02 5.010256e-02 5.855110e-02 8.366489e-04 6.109229e-04 8.112205e-04 1.333291e+00 6.092774e-04 
5.680990e-02 5.146380e-02 6.196130e-02 5.788419e-04 6.623097e-04 7.699903e-04 1.218553e+00 5.543342e-04 
5.725218e-02 5.065259e-02 5.918044e-02 7.121276e-04 7.242907e-04 7.842392e-04 1.277558e+00 6.092774e-04 
5.861820e-02 5.162252e-02 6.860021e-02 7.712091e-04 6.607864e-04 7.704079e-04 1.289397e+00 6.092774e-04 
5.675968e-02 5.241607e-02 5.928485e-02 4.742165e-04 6.955870e-04 7.274488e-04 1.172603e+00 6.092774e-04 
6.002038e-02 5.348912e-02 6.111992e-02 7.413603e-04 6.544509e-04 7.435614e-04 1.259118e+00 5.906746e-04 
5.975715e-02 5.167164e-02 5.989545e-02 9.009584e-04 7.125508e-04 7.874067e-04 1.337443e+00 6.281686e-04 
5.740509e-02 5.026034e-02 5.887790e-02 7.692420e-04 6.991701e-04 7.104189e-04 1.304517e+00 5.723602e-04 
5.583531e-02 5.182571e-02 5.867815e-02 4.316768e-04 6.981752e-04 7.520820e-04 1.160719e+00 5.723602e-04 
5.677254e-02 5.122534e-02 5.900793e-02 5.990866e-04 7.948723e-04 8.383727e-04 1.228307e+00 6.473482e-04 
5.824571e-02 5.150554e-02 5.959334e-02 7.397424e-04 6.676510e-04 7.306883e-04 1.278851e+00 6.092774e-04 
5.691856e-02 5.140859e-02 5.866023e-02 5.968791e-04 6.977725e-04 7.472502e-04 1.225847e+00 5.906746e-04 
5.812981e-02 5.230804e-02 5.940093e-02 6.429438e-04 6.096341e-04 7.372193e-04 1.234983e+00 5.543342e-04 
5.648875e-02 5.191987e-02 5.877323e-02 4.953051e-04 6.500401e-04 7.296211e-04 1.183741e+00 5.906746e-04 
5.835121e-02 5.202289e-02 5.967031e-02 6.984824e-04 6.599607e-04 7.383300e-04 1.258087e+00 5.906746e-04 
5.630714e-02 5.084897e-02 5.895301e-02 5.848759e-04 6.830634e-04 8.475174e-04 1.226204e+00 5.906746e-04 
6.113058e-02 5.373589e-02 6.182333e-02 8.494024e-04 5.438011e-04 7.425839e-04 1.294161e+00 5.723602e-04 
5.656742e-02 5.123852e-02 5.856420e-02 5.744876e-04 6.229468e-04 7.482588e-04 1.218820e+00 5.723602e-04 
5.890149e-02 5.244218e-02 5.954747e-02 7.192033e-04 5.586315e-04 7.329286e-04 1.261511e+00 5.543342e-04 
6.104288e-02 5.276915e-02 6.087488e-02 9.416502e-04 6.542388e-04 7.436860e-04 1.338166e+00 5.723602e-04 
5.444656e-02 4.982012e-02 5.635540e-02 4.823840e-04 6.686476e-04 5.942278e-04 1.194349e+00 6.092774e-04 
5.661074e-02 5.136873e-02 5.969062e-02 5.660297e-04 5.335767e-04 7.157383e-04 1.214507e+00 5.543342e-04 
5.710281e-02 5.012555e-02 5.786350e-02 7.481609e-04 5.664215e-04 6.639601e-04 1.297767e+00 5.723602e-04 
5.607510e-02 5.077627e-02 5.793727e-02 5.661868e-04 5.905375e-04 6.085001e-04 1.219603e+00 5.906746e-04 
5.693297e-02 5.155970e-02 5.822413e-02 5.829604e-04 6.284583e-04 7.160070e-04 1.219290e+00 5.723602e-04 
5.629601e-02 5.102685e-02 5.881263e-02 5.655022e-04 7.596573e-04 7.784762e-04 1.217189e+00 6.281686e-04 
5.851354e-02 5.278152e-02 5.958926e-02 6.379454e-04 6.680750e-04 7.842102e-04 1.228992e+00 6.092774e-04 
5.978105e-02 5.268054e-02 6.020622e-02 7.985346e-04 6.708893e-04 6.387971e-04 1.287735e+00 6.092774e-04 
5.753506e-02 5.273789e-02 6.033918e-02 5.289974e-04 5.683443e-04 6.947150e-04 1.190199e+00 5.191476e-04 
5.802825e-02 5.289374e-02 5.999413e-02 5.695296e-04 6.710917e-04 8.172141e-04 1.203567e+00 6.281686e-04 
5.773167e-02 5.168939e-02 5.941517e-02 6.611531e-04 6.752834e-04 8.286241e-04 1.247457e+00 5.723602e-04 
5.666845e-02 5.154723e-02 5.834934e-02 5.541957e-04 5.834270e-04 6.876438e-04 1.208570e+00 6.092774e-04 
5.862763e-02 5.120367e-02 5.992095e-02 8.153839e-04 6.282981e-04 7.334060e-04 1.311000e+00 5.906746e-04 
5.742852e-02 5.136524e-02 5.870329e-02 6.596473e-04 7.666093e-04 6.807985e-04 1.250019e+00 5.906746e-04 
6.104405e-02 5.406975e-02 6.102839e-02 8.028389e-04 5.640169e-04 6.934663e-04 1.274612e+00 5.906746e-04 
5.595136e-02 5.117549e-02 6.123175e-02 5.116238e-04 5.832730e-04 7.527004e-04 1.195356e+00 5.723602e-04 
5.752758e-02 5.100845e-02 5.879612e-02 7.075614e-04 6.350038e-04 7.693960e-04 1.271944e+00 5.365967e-04 
5.637632e-02 5.270971e-02 5.956016e-02 3.999753e-04 5.598688e-04 7.019946e-04 1.143963e+00 5.365967e-04 
5.804055e-02 5.271861e-02 5.972020e-02 5.894539e-04 6.028599e-04 7.309183e-04 1.212091e+00 5.906746e-04 
5.577115e-02 5.014930e-02 5.742817e-02 5.954687e-04 6.200169e-04 6.594204e-04 1.236771e+00 5.723602e-04 
6.002917e-02 5.179130e-02 5.949045e-02 9.211632e-04 6.811442e-04 7.364466e-04 1.343418e+00 6.281686e-04 
5.947968e-02 5.074482e-02 5.776403e-02 9.627951e-04 6.962287e-04 7.186158e-04 1.373896e+00 6.092774e-04 
6.214810e-02 5.406444e-02 6.257251e-02 9.394228e-04 7.053176e-04 7.703719e-04 1.321394e+00 6.281686e-04 
5.888202e-02 5.271933e-02 5.976003e-02 6.877647e-04 6.294024e-04 7.143261e-04 1.247457e+00 5.906746e-04 
5.854464e-02 5.207086e-02 5.966002e-02 7.161013e-04 6.679005e-04 7.864230e-04 1.264110e+00 5.906746e-04 
6.093187e-02 5.319329e-02 6.166176e-02 8.831676e-04 6.165827e-04 7.105866e-04 1.312126e+00 5.906746e-04 
5.917984e-02 5.274084e-02 6.001207e-02 7.206576e-04 5.410217e-04 6.001646e-04 1.259081e+00 5.543342e-04 
5.706179e-02 5.240863e-02 5.930648e-02 5.093835e-04 6.536914e-04 7.128532e-04 1.185455e+00 5.906746e-04 
5.487381e-02 5.055308e-02 5.726438e-02 4.555208e-04 7.378554e-04 7.524730e-04 1.178243e+00 5.723602e-04 
5.922044e-02 5.213311e-02 5.974452e-02 7.891999e-04 6.911053e-04 8.126027e-04 1.290375e+00 6.092774e-04 
5.751967e-02 5.155299e-02 5.904833e-02 6.508018e-04 7.917119e-04 7.797738e-04 1.244873e+00 6.281686e-04 
5.680985e-02 5.053160e-02 5.933969e-02 6.739156e-04 5.966593e-04 7.467431e-04 1.263924e+00 5.906746e-04 
5.747942e-02 5.098692e-02 5.824734e-02 7.042175e-04 5.248262e-04 6.941069e-04 1.270888e+00 5.723602e-04 
5.670229e-02 5.244408e-02 6.018744e-02 4.647686e-04 6.201922e-04 7.418919e-04 1.168983e+00 5.543342e-04 
5.915145e-02 5.301380e-02 6.034370e-02 6.884307e-04 6.906353e-04 7.374314e-04 1.244953e+00 6.281686e-04 
5.717976e-02 5.136067e-02 5.864759e-02 6.316060e-04 5.487993e-04 7.763555e-04 1.239433e+00 5.723602e-04 
5.658385e-02 5.065520e-02 5.850805e-02 6.357831e-04 5.814765e-04 7.653764e-04 1.247777e+00 5.723602e-04 
5.714215e-02 5.157232e-02 5.966097e-02 6.055215e-04 6.419693e-04 7.740402e-04 1.227665e+00 5.723602e-04 
5.800635e-02 5.067129e-02 6.245519e-02 7.971562e-04 6.078995e-04 6.720627e-04 1.310470e+00 6.668162e-04 
5.556257e-02 5.070971e-02 5.703793e-02 5.157247e-04 6.723436e-04 7.774859e-04 1.200556e+00 5.906746e-04 
5.927394e-02 5.316096e-02 6.014111e-02 6.873126e-04 6.668516e-04 7.014505e-04 1.243203e+00 6.092774e-04 
5.774103e-02 5.160745e-02 5.891362e-02 6.706977e-04 6.796347e-04 8.477785e-04 1.251827e+00 5.723602e-04 
5.592150e-02 5.139458e-02 5.815510e-02 4.858116e-04 7.161747e-04 7.836690e-04 1.183922e+00 5.906746e-04 
5.817933e-02 5.273926e-02 5.906121e-02 6.034059e-04 6.502270e-04 6.949211e-04 1.216941e+00 6.092774e-04 
6.002686e-02 5.282227e-02 6.080433e-02 8.130312e-04 6.680760e-04 7.586183e-04 1.291389e+00 5.723602e-04 
5.794971e-02 5.327527e-02 5.980441e-02 5.199152e-04 7.457015e-04 8.163617e-04 1.183181e+00 5.906746e-04 
5.996949e-02 5.198546e-02 5.954810e-02 8.938513e-04 7.206234e-04 8.178386e-04 1.330751e+00 6.281686e-04 
5.814191e-02 5.296079e-02 5.974362e-02 5.756365e-04 6.645308e-04 7.820850e-04 1.205229e+00 5.906746e-04 
5.621996e-02 5.162750e-02 5.855824e-02 4.952852e-04 6.489772e-04 7.297455e-04 1.185820e+00 5.365967e-04 
5.766074e-02 5.214411e-02 5.981377e-02 6.057530e-04 5.991147e-04 6.684812e-04 1.222785e+00 5.906746e-04 
5.613967e-02 5.111538e-02 5.849198e-02 5.388806e-04 6.812993e-04 7.903341e-04 1.206248e+00 5.906746e-04 
5.688639e-02 5.009937e-02 5.836446e-02 7.261143e-04 6.771969e-04 6.957554e-04 1.289295e+00 5.543342e-04 
5.968567e-02 5.133935e-02 6.028853e-02 9.266499e-04 5.144937e-04 6.854304e-04 1.351573e+00 5.543342e-04 
5.674290e-02 5.157945e-02 5.883419e-02 5.593168e-04 7.028747e-04 7.167590e-04 1.210235e+00 5.906746e-04 
6.552815e-02 5.076462e-02 5.880807e-02 1.716892e-03 7.393388e-04 7.643995e-04 1.666225e+00 6.473482e-04 
5.785362e-02 5.312950e-02 6.025518e-02 5.242984e-04 6.084109e-04 7.423827e-04 1.185741e+00 5.723602e-04 
5.722849e-02 5.121761e-02 5.881412e-02 6.518563e-04 6.391599e-04 6.730432e-04 1.248493e+00 6.092774e-04 
5.953357e-02 5.283524e-02 6.045371e-02 7.526837e-04 6.415352e-04 6.799409e-04 1.269628e+00 5.723602e-04 
5.955189e-02 5.131092e-02 6.040967e-02 9.136174e-04 5.944535e-04 6.880341e-04 1.347012e+00 5.906746e-04 
5.745028e-02 5.139432e-02 5.824271e-02 6.591577e-04 7.176614e-04 6.721171e-04 1.249551e+00 5.723602e-04 
5.833292e-02 5.214850e-02 5.906786e-02 6.832638e-04 5.878939e-04 7.575634e-04 1.251249e+00 6.473482e-04 
5.674735e-02 4.887824e-02 5.760197e-02 8.311791e-04 4.892919e-04 5.847588e-04 1.347907e+00 6.281686e-04 
5.839081e-02 5.119272e-02 5.875618e-02 7.887916e-04 6.477691e-04 7.595711e-04 1.300986e+00 6.281686e-04 
5.755202e-02 5.175647e-02 5.925076e-02 6.335022e-04 6.080141e-04 7.814784e-04 1.236493e+00 5.365967e-04 
5.678098e-02 5.227633e-02 5.995072e-02 4.912651e-04 6.756918e-04 7.946008e-04 1.179765e+00 5.906746e-04 
5.583241e-02 4.940128e-02 5.701504e-02 6.767717e-04 5.910674e-04 6.939479e-04 1.277310e+00 5.906746e-04 
5.682450e-02 5.252926e-02 5.931555e-02 4.697002e-04 7.066185e-04 7.920828e-04 1.170223e+00 6.092774e-04 
6.009888e-02 5.356106e-02 5.970583e-02 7.430886e-04 6.905532e-04 6.658102e-04 1.259025e+00 6.092774e-04 
5.786242e-02 5.212716e-02 5.897718e-02 6.308189e-04 7.154987e-04 7.823345e-04 1.232154e+00 6.092774e-04 
5.965150e-02 5.348724e-02 6.053427e-02 6.974163e-04 6.965422e-04 8.090904e-04 1.243776e+00 5.723602e-04 
5.793473e-02 5.178849e-02 5.927291e-02 6.743848e-04 6.645003e-04 6.666705e-04 1.251444e+00 5.906746e-04 
6.030152e-02 5.389795e-02 6.099693e-02 7.312838e-04 6.004552e-04 7.483201e-04 1.251734e+00 5.906746e-04 
5.852229e-02 5.393782e-02 6.050401e-02 5.155694e-04 6.408533e-04 8.176183e-04 1.177215e+00 5.191476e-04 
5.918057e-02 5.396188e-02 6.093718e-02 5.904563e-04 6.345679e-04 7.664638e-04 1.202775e+00 5.723602e-04 
6.075539e-02 5.201574e-02 5.966112e-02 9.855807e-04 7.403881e-04 7.886420e-04 1.364269e+00 6.281686e-04 
6.025430e-02 5.292659e-02 6.052412e-02 8.293562e-04 6.433250e-04 6.954702e-04 1.296069e+00 5.543342e-04 
5.610114e-02 5.129999e-02 5.857363e-02 5.156490e-04 6.606883e-04 6.759592e-04 1.195938e+00 5.543342e-04 
5.885546e-02 5.351157e-02 6.140627e-02 6.004773e-04 6.567009e-04 6.973842e-04 1.209701e+00 6.281686e-04 
5.666791e-02 5.089035e-02 5.856004e-02 6.214248e-04 6.343686e-04 7.209696e-04 1.239948e+00 5.906746e-04 
5.874652e-02 5.448780e-02 6.123613e-02 4.822343e-04 6.113021e-04 7.516098e-04 1.162428e+00 5.543342e-04 
6.110281e-02 5.254318e-02 5.994056e-02 9.727675e-04 6.906676e-04 7.559912e-04 1.352352e+00 6.092774e-04 
5.872476e-02 5.324857e-02 6.070967e-02 6.131869e-04 6.496135e-04 7.500624e-04 1.216260e+00 5.723602e-04 
5.740994e-02 5.150857e-02 5.877410e-02 6.427681e-04 6.265069e-04 7.577985e-04 1.242268e+00 5.906746e-04 
5.936649e-02 5.257404e-02 5.937497e-02 7.603506e-04 6.610130e-04 7.800264e-04 1.275088e+00 6.092774e-04 
5.725619e-02 5.099226e-02 5.886278e-02 6.780610e-04 7.202551e-04 7.081993e-04 1.260772e+00 5.906746e-04 
5.509728e-02 4.928043e-02 5.691040e-02 6.071492e-04 5.547357e-04 7.441230e-04 1.250004e+00 6.092774e-04 
5.882888e-02 5.271377e-02 5.985869e-02 6.820955e-04 6.832755e-04 7.518859e-04 1.245469e+00 6.092774e-04 
5.812202e-02 5.211274e-02 5.964332e-02 6.624317e-04 5.997861e-04 7.461751e-04 1.243923e+00 5.723602e-04 
5.797998e-02 5.352722e-02 5.945610e-02 4.965154e-04 5.742259e-04 7.360185e-04 1.173294e+00 5.365967e-04 
5.843888e-02 5.084726e-02 5.880189e-02 8.296591e-04 6.919439e-04 7.743537e-04 1.320896e+00 5.906746e-04 
5.998371e-02 5.147380e-02 5.937743e-02 9.484928e-04 7.290410e-04 6.215971e-04 1.357982e+00 7.269508e-04 
5.899991e-02 5.277849e-02 6.119524e-02 6.954204e-04 5.322899e-04 6.743422e-04 1.249651e+00 5.543342e-04 
6.084630e-02 5.294198e-02 6.080702e-02 8.994188e-04 6.711564e-04 6.658714e-04 1.320894e+00 5.906746e-04 
5.756224e-02 5.275667e-02 5.913637e-02 5.301451e-04 7.218707e-04 8.033019e-04 1.190476e+00 6.092774e-04 
5.708015e-02 5.192214e-02 5.842698e-02 5.622346e-04 6.762714e-04 7.842639e-04 1.208551e+00 5.906746e-04 
6.021578e-02 5.304593e-02 6.088365e-02 8.120699e-04 6.556197e-04 7.213281e-04 1.288595e+00 6.092774e-04 
5.835652e-02 5.286068e-02 5.968114e-02 6.112319e-04 5.720702e-04 7.291415e-04 1.218746e+00 6.092774e-04 
6.007846e-02 5.360902e-02 6.182499e-02 7.354946e-04 7.295592e-04 7.676560e-04 1.255920e+00 6.092774e-04 
5.924507e-02 5.272868e-02 6.083082e-02 7.296653e-04 6.659253e-04 7.667379e-04 1.262440e+00 5.723602e-04 
6.018377e-02 5.233804e-02 6.041009e-02 8.828158e-04 6.379517e-04 6.830349e-04 1.322281e+00 5.906746e-04 
5.794257e-02 5.194437e-02 5.855338e-02 6.591246e-04 5.833763e-04 7.417552e-04 1.244282e+00 5.906746e-04 
5.784059e-02 5.178085e-02 5.913341e-02 6.642774e-04 6.409229e-04 7.449762e-04 1.247749e+00 5.906746e-04 
5.793117e-02 5.090980e-02 5.853746e-02 7.642129e-04 6.408737e-04 7.391708e-04 1.294857e+00 6.092774e-04 
5.656130e-02 5.071091e-02 5.890107e-02 6.275840e-04 6.260981e-04 7.020015e-04 1.244044e+00 6.092774e-04 
5.674371e-02 5.144694e-02 5.824374e-02 5.730604e-04 6.010262e-04 7.980825e-04 1.216512e+00 5.906746e-04 
5.642541e-02 5.138533e-02 5.878823e-02 5.433747e-04 6.468303e-04 7.757970e-04 1.205789e+00 5.723602e-04 
5.750825e-02 5.303317e-02 5.986359e-02 4.946817e-04 7.056029e-04 7.557662e-04 1.175886e+00 6.281686e-04 
5.809627e-02 5.201209e-02 5.960871e-02 6.699191e-04 6.335308e-04 7.472504e-04 1.247636e+00 5.723602e-04 
5.820266e-02 5.249990e-02 5.928487e-02 6.313099e-04 5.916401e-04 7.323381e-04 1.229048e+00 5.543342e-04 
5.680746e-02 5.024553e-02 5.756797e-02 7.024746e-04 7.019416e-04 7.806394e-04 1.278250e+00 6.281686e-04 
5.890768e-02 5.274344e-02 5.977321e-02 6.882441e-04 5.830634e-04 6.741635e-04 1.247403e+00 5.906746e-04 
5.754463e-02 5.188664e-02 5.994699e-02 6.191607e-04 5.891899e-04 6.134099e-04 1.229981e+00 5.543342e-04 
5.740514e-02 5.068295e-02 5.838859e-02 7.265888e-04 7.170037e-04 6.985537e-04 1.282856e+00 6.281686e-04 
5.764032e-02 5.176138e-02 5.948414e-02 6.431653e-04 6.533286e-04 6.990659e-04 1.240055e+00 5.906746e-04 
5.729424e-02 5.240194e-02 6.014414e-02 5.366673e-04 6.123260e-04 6.796029e-04 1.195439e+00 5.723602e-04 
5.771352e-02 5.231359e-02 5.886648e-02 5.941387e-04 5.625661e-04 7.962862e-04 1.217100e+00 6.281686e-04 
5.883102e-02 5.279611e-02 6.079028e-02 6.736593e-04 6.392921e-04 6.845265e-04 1.241678e+00 5.906746e-04 
5.819971e-02 5.134203e-02 5.859964e-02 7.512027e-04 7.206022e-04 7.765346e-04 1.284978e+00 6.092774e-04 
5.806786e-02 5.336375e-02 6.067490e-02 5.241865e-04 6.726479e-04 7.168764e-04 1.184074e+00 5.723602e-04 
5.735560e-02 5.135053e-02 5.906727e-02 6.527878e-04 6.615796e-04 7.533091e-04 1.247561e+00 5.723602e-04 
5.595800e-02 5.102305e-02 5.871347e-02 5.279466e-04 6.354968e-04 6.771850e-04 1.202795e+00 5.906746e-04 
5.713240e-02 5.150182e-02 5.855987e-02 6.116737e-04 7.103183e-04 8.046546e-04 1.230608e+00 6.092774e-04 
5.675773e-02 5.102204e-02 5.845465e-02 6.181905e-04 6.892170e-04 6.967804e-04 1.237469e+00 5.906746e-04 
5.778362e-02 5.179639e-02 5.955608e-02 6.560810e-04 7.452883e-04 7.190635e-04 1.244545e+00 6.473482e-04 
5.535596e-02 5.143173e-02 5.740265e-02 4.190594e-04 5.829526e-04 8.073405e-04 1.158421e+00 5.906746e-04 
5.989944e-02 5.320612e-02 6.056714e-02 7.570512e-04 5.406341e-04 6.715346e-04 1.267425e+00 5.906746e-04 
5.974891e-02 5.276702e-02 6.017657e-02 7.855739e-04 5.784089e-04 6.294843e-04 1.282138e+00 5.906746e-04 
5.737549e-02 5.093769e-02 5.830627e-02 6.972986e-04 5.846186e-04 7.488259e-04 1.268745e+00 5.543342e-04 
5.775020e-02 5.048760e-02 5.892575e-02 7.860874e-04 5.649875e-04 6.961273e-04 1.308391e+00 6.281686e-04 
5.947890e-02 5.212580e-02 5.961758e-02 8.206398e-04 6.563513e-04 7.639496e-04 1.302028e+00 6.092774e-04 
5.791282e-02 5.116724e-02 5.844539e-02 7.358082e-04 6.500069e-04 7.815741e-04 1.281048e+00 6.281686e-04 
5.907458e-02 5.261260e-02 6.051632e-02 7.217203e-04 6.310829e-04 7.043148e-04 1.260729e+00 5.906746e-04 
5.900929e-02 5.240052e-02 5.899481e-02 7.362818e-04 7.236834e-04 7.595356e-04 1.268147e+00 6.092774e-04 
5.766687e-02 5.166162e-02 5.883790e-02 6.565452e-04 7.777456e-04 8.419118e-04 1.245996e+00 5.906746e-04 
5.756070e-02 5.111082e-02 5.963294e-02 7.009182e-04 6.027980e-04 7.355748e-04 1.268313e+00 5.723602e-04 
5.907106e-02 5.209375e-02 6.016675e-02 7.756321e-04 7.089851e-04 7.388021e-04 1.285815e+00 6.092774e-04 
5.627764e-02 5.188498e-02 5.879943e-02 4.751214e-04 6.441220e-04 7.336646e-04 1.176490e+00 5.906746e-04 
5.911481e-02 5.256515e-02 6.017578e-02 7.314656e-04 6.373051e-04 8.031661e-04 1.264727e+00 5.723602e-04 
6.029964e-02 5.264661e-02 5.988764e-02 8.643803e-04 7.340372e-04 8.628268e-04 1.311863e+00 6.473482e-04 
5.758748e-02 5.163246e-02 5.897261e-02 6.504061e-04 5.779476e-04 6.246040e-04 1.243971e+00 5.723602e-04 
5.990992e-02 5.299519e-02 6.055032e-02 7.807085e-04 6.494740e-04 7.112081e-04 1.277982e+00 5.365967e-04 
5.683543e-02 5.064596e-02 5.810084e-02 6.652538e-04 7.102895e-04 7.782065e-04 1.259357e+00 5.906746e-04 
5.681986e-02 5.262973e-02 5.977107e-02 4.586082e-04 7.089030e-04 8.325241e-04 1.165569e+00 6.092774e-04 
5.828384e-02 5.285897e-02 5.998917e-02 6.029357e-04 7.244491e-04 8.797859e-04 1.215791e+00 5.906746e-04 
5.841203e-02 5.187300e-02 5.957801e-02 7.211575e-04 5.924359e-04 7.160723e-04 1.268008e+00 5.723602e-04 
5.658817e-02 5.254299e-02 5.783979e-02 4.414553e-04 6.126716e-04 7.102434e-04 1.159903e+00 5.723602e-04 
5.733708e-02 5.168037e-02 5.903680e-02 6.166800e-04 5.864880e-04 6.813748e-04 1.230892e+00 5.543342e-04 
5.904063e-02 5.289530e-02 6.124174e-02 6.878830e-04 6.720298e-04 7.169901e-04 1.245856e+00 5.906746e-04 
5.645626e-02 5.095598e-02 5.826247e-02 5.907972e-04 6.334732e-04 7.298816e-04 1.227535e+00 5.365967e-04 
5.902944e-02 5.215163e-02 6.000396e-02 7.646820e-04 7.489958e-04 8.440787e-04 1.281155e+00 6.473482e-04 
5.973671e-02 5.339170e-02 6.043054e-02 7.178001e-04 6.322424e-04 7.673888e-04 1.251800e+00 6.281686e-04 
5.752414e-02 5.213674e-02 5.914886e-02 5.907871e-04 6.431227e-04 6.925573e-04 1.217342e+00 5.723602e-04 
5.790978e-02 5.205042e-02 5.887620e-02 6.442959e-04 6.956737e-04 7.925314e-04 1.237814e+00 5.906746e-04 
5.984105e-02 5.301633e-02 6.045443e-02 7.702194e-04 6.207016e-04 7.396814e-04 1.274028e+00 5.723602e-04 
6.023122e-02 5.418480e-02 6.163717e-02 6.918074e-04 5.870946e-04 5.936825e-04 1.235630e+00 6.281686e-04 
5.875795e-02 5.199426e-02 5.955243e-02 7.490933e-04 7.261335e-04 7.825264e-04 1.277093e+00 6.092774e-04 
5.809580e-02 5.248684e-02 5.940052e-02 6.202539e-04 6.356123e-04 7.449678e-04 1.225148e+00 5.906746e-04 
5.769843e-02 5.200493e-02 5.953206e-02 6.245966e-04 6.916100e-04 6.707965e-04 1.230946e+00 5.723602e-04 
6.035817e-02 5.189868e-02 5.978764e-02 9.496353e-04 6.179468e-04 6.483465e-04 1.352569e+00 5.906746e-04 
5.941439e-02 5.242260e-02 6.038876e-02 7.819416e-04 5.651372e-04 5.908327e-04 1.284536e+00 5.723602e-04 
5.649175e-02 5.030258e-02 5.801923e-02 6.609678e-04 5.616249e-04 8.018644e-04 1.261216e+00 5.365967e-04 
5.812853e-02 5.291340e-02 6.001531e-02 5.790979e-04 4.666567e-04 5.838725e-04 1.206833e+00 5.365967e-04 
5.890022e-02 5.185681e-02 5.965666e-02 7.801077e-04 6.574587e-04 7.883175e-04 1.290097e+00 6.092774e-04 
5.915655e-02 5.192777e-02 6.011507e-02 8.030044e-04 6.051425e-04 7.318285e-04 1.297796e+00 5.906746e-04 
5.641495e-02 5.059192e-02 5.828284e-02 6.231044e-04 7.620143e-04 8.040724e-04 1.243444e+00 6.092774e-04 
5.770970e-02 5.330382e-02 5.955279e-02 4.891119e-04 6.130380e-04 6.366867e-04 1.172144e+00 5.906746e-04 
5.736290e-02 5.226930e-02 5.871785e-02 5.584227e-04 6.509333e-04 6.609612e-04 1.204395e+00 5.543342e-04 
5.886540e-02 5.308020e-02 6.055133e-02 6.476272e-04 5.840220e-04 6.902182e-04 1.229858e+00 5.365967e-04 
5.663628e-02 4.967960e-02 5.753215e-02 7.396062e-04 7.628513e-04 7.847946e-04 1.299671e+00 5.906746e-04 
5.849294e-02 5.290606e-02 5.977282e-02 6.223732e-04 7.058273e-04 7.342347e-04 1.222351e+00 6.473482e-04 
5.911838e-02 5.255718e-02 6.037928e-02 7.327253e-04 6.687090e-04 7.649649e-04 1.265263e+00 6.092774e-04 
6.010695e-02 5.321063e-02 5.990539e-02 7.814745e-04 7.035256e-04 7.571865e-04 1.276006e+00 5.906746e-04 
5.849394e-02 5.204439e-02 5.993519e-02 7.129226e-04 6.992801e-04 7.600909e-04 1.263205e+00 5.543342e-04 
5.874384e-02 5.225577e-02 5.887169e-02 7.201731e-04 5.745863e-04 6.498419e-04 1.263735e+00 5.723602e-04 
5.885410e-02 5.303902e-02 6.032222e-02 6.506671e-04 6.297739e-04 7.529280e-04 1.231296e+00 6.092774e-04 
5.681801e-02 5.130953e-02 5.861976e-02 5.956193e-04 6.593657e-04 7.825530e-04 1.226242e+00 6.092774e-04 
5.504472e-02 5.125607e-02 5.739052e-02 4.027363e-04 6.575700e-04 7.131518e-04 1.153296e+00 5.906746e-04 
5.723630e-02 5.208880e-02 5.987810e-02 5.627507e-04 7.056316e-04 7.325232e-04 1.207409e+00 5.723602e-04 
5.900007e-02 5.277525e-02 5.869874e-02 6.957809e-04 6.271499e-04 7.478512e-04 1.249811e+00 6.092774e-04 
5.836265e-02 5.016249e-02 5.829020e-02 8.899236e-04 7.044249e-04 7.832790e-04 1.353667e+00 5.906746e-04 
5.734467e-02 5.280539e-02 5.919432e-02 5.000028e-04 7.133160e-04 8.138501e-04 1.179315e+00 6.092774e-04 
5.713249e-02 5.065354e-02 5.812703e-02 6.983404e-04 7.165121e-04 7.353040e-04 1.272175e+00 6.092774e-04 
5.493342e-02 5.046018e-02 5.717939e-02 4.714508e-04 5.892140e-04 7.072931e-04 1.185156e+00 5.191476e-04 
5.681698e-02 5.078302e-02 5.806315e-02 6.492545e-04 6.490214e-04 7.558394e-04 1.251755e+00 6.092774e-04 
5.709674e-02 5.159787e-02 5.827419e-02 5.976978e-04 6.208609e-04 7.650014e-04 1.224501e+00 6.281686e-04 
5.591303e-02 5.055539e-02 5.811260e-02 5.704196e-04 6.506636e-04 7.444698e-04 1.223182e+00 5.906746e-04 
5.758383e-02 5.195717e-02 5.927471e-02 6.163502e-04 7.808541e-04 7.630158e-04 1.228316e+00 6.092774e-04 
5.764529e-02 5.197191e-02 5.915444e-02 6.218997e-04 6.472694e-04 6.510899e-04 1.230241e+00 5.723602e-04 
5.805562e-02 5.073226e-02 5.907410e-02 7.966920e-04 6.405911e-04 7.236481e-04 1.309544e+00 6.281686e-04 
5.702625e-02 5.103371e-02 5.863728e-02 6.475534e-04 7.173379e-04 7.308104e-04 1.248634e+00 6.281686e-04 
6.000143e-02 5.291875e-02 6.160280e-02 7.997773e-04 6.381461e-04 7.368042e-04 1.285595e+00 6.092774e-04 
5.809037e-02 5.228415e-02 5.982145e-02 6.408590e-04 6.767591e-04 7.668501e-04 1.234435e+00 5.906746e-04 
5.868741e-02 5.179615e-02 5.916841e-02 7.613712e-04 6.163537e-04 6.878919e-04 1.283793e+00 5.906746e-04 
6.083019e-02 5.309327e-02 6.066612e-02 8.814165e-04 6.065966e-04 7.150074e-04 1.312682e+00 5.906746e-04 
5.798213e-02 5.228503e-02 5.934747e-02 6.282025e-04 5.940526e-04 7.500483e-04 1.229797e+00 5.543342e-04 
5.641348e-02 5.280900e-02 5.931374e-02 3.936906e-04 6.937998e-04 7.461264e-04 1.141169e+00 5.723602e-04 
5.978091e-02 5.322971e-02 6.080520e-02 7.403552e-04 6.518180e-04 7.154261e-04 1.261295e+00 6.281686e-04 
5.886041e-02 5.297678e-02 5.923484e-02 6.580079e-04 6.389494e-04 7.564529e-04 1.234455e+00 5.723602e-04 
5.745697e-02 5.118212e-02 5.922019e-02 6.816944e-04 6.480785e-04 7.662185e-04 1.260227e+00 5.723602e-04 
6.029854e-02 5.301161e-02 6.059745e-02 8.256836e-04 5.603624e-04 7.128593e-04 1.293813e+00 5.543342e-04 
6.006053e-02 5.330839e-02 6.012420e-02 7.654821e-04 6.407023e-04 7.386939e-04 1.269367e+00 5.723602e-04 
5.744275e-02 5.141271e-02 5.802473e-02 6.564036e-04 6.456967e-04 7.379538e-04 1.248330e+00 6.092774e-04 
5.664896e-02 5.093945e-02 5.843407e-02 6.142771e-04 6.937387e-04 8.151727e-04 1.236731e+00 5.723602e-04 
5.788651e-02 5.172482e-02 5.856559e-02 6.753901e-04 6.104694e-04 7.842227e-04 1.252439e+00 5.723602e-04 
5.798143e-02 5.262457e-02 6.003048e-02 5.925005e-04 6.562442e-04 7.631192e-04 1.213950e+00 5.906746e-04 
5.628445e-02 5.148478e-02 5.770883e-02 5.172573e-04 6.793625e-04 7.099535e-04 1.195141e+00 6.092774e-04 
5.695550e-02 5.126277e-02 5.771863e-02 6.160574e-04 6.365753e-04 6.754356e-04 1.234432e+00 5.906746e-04 
5.871905e-02 5.377440e-02 6.033160e-02 5.562406e-04 5.492019e-04 6.973719e-04 1.192359e+00 5.365967e-04 
5.842969e-02 5.274931e-02 6.085582e-02 6.315398e-04 7.129172e-04 8.726468e-04 1.226969e+00 5.906746e-04 
6.037988e-02 5.375680e-02 6.052249e-02 7.559362e-04 6.660477e-04 7.531949e-04 1.261588e+00 5.906746e-04 
5.818094e-02 5.273078e-02 5.915949e-02 6.044870e-04 6.895105e-04 7.610209e-04 1.217400e+00 5.906746e-04 
5.700217e-02 5.152564e-02 5.929374e-02 5.943562e-04 5.771481e-04 7.190496e-04 1.223872e+00 5.543342e-04 
5.785323e-02 5.085295e-02 5.898475e-02 7.609739e-04 6.258041e-04 6.529227e-04 1.294264e+00 5.906746e-04 
5.748312e-02 5.102768e-02 5.838580e-02 7.004844e-04 7.270941e-04 7.515509e-04 1.269021e+00 5.906746e-04 
5.770035e-02 5.120446e-02 5.907182e-02 7.074339e-04 5.837560e-04 6.961713e-04 1.269818e+00 6.092774e-04 
5.972558e-02 5.163074e-02 5.990144e-02 9.014121e-04 6.385317e-04 7.282909e-04 1.338148e+00 6.473482e-04 
5.781127e-02 5.205789e-02 5.850048e-02 6.321194e-04 6.661991e-04 7.579707e-04 1.233252e+00 5.906746e-04 
5.787455e-02 5.266829e-02 5.966884e-02 5.755150e-04 6.441166e-04 7.135554e-04 1.207471e+00 5.543342e-04 
5.654641e-02 5.160000e-02 5.829623e-02 5.349373e-04 6.720570e-04 8.442983e-04 1.200911e+00 5.365967e-04 
5.900932e-02 5.353405e-02 6.083038e-02 6.162053e-04 6.005759e-04 7.060059e-04 1.215013e+00 5.723602e-04 
5.733427e-02 5.216452e-02 5.984018e-02 5.660810e-04 5.697536e-04 6.260262e-04 1.208031e+00 5.906746e-04 
5.667948e-02 5.196057e-02 5.850249e-02 5.126634e-04 7.401382e-04 8.792544e-04 1.189882e+00 6.092774e-04 
5.751049e-02 5.239977e-02 5.892383e-02 5.617213e-04 7.159255e-04 8.066140e-04 1.204580e+00 5.723602e-04 
5.600497e-02 5.059576e-02 5.860481e-02 5.766256e-04 6.842645e-04 7.954813e-04 1.225250e+00 4.851146e-04 
5.804996e-02 5.161291e-02 5.973245e-02 7.059055e-04 6.207719e-04 6.850485e-04 1.264990e+00 5.723602e-04 
5.811816e-02 5.144357e-02 5.864933e-02 7.312793e-04 6.935150e-04 7.878716e-04 1.276326e+00 5.906746e-04 
5.667407e-02 4.993528e-02 5.836601e-02 7.184173e-04 6.705794e-04 6.736988e-04 1.288112e+00 5.906746e-04 
5.583830e-02 5.173750e-02 5.875933e-02 4.411468e-04 6.959724e-04 6.841234e-04 1.164806e+00 6.092774e-04 
5.912225e-02 5.284496e-02 6.021881e-02 7.028513e-04 6.718608e-04 8.173341e-04 1.251684e+00 5.906746e-04 
5.818685e-02 5.130314e-02 5.949007e-02 7.536977e-04 7.211700e-04 7.967648e-04 1.286358e+00 6.281686e-04 
5.959282e-02 5.329687e-02 6.048292e-02 7.107481e-04 6.245443e-04 7.482286e-04 1.250214e+00 5.906746e-04 
5.854431e-02 5.245708e-02 6.009659e-02 6.756904e-04 7.204392e-04 7.464468e-04 1.245550e+00 6.092774e-04 
5.962605e-02 5.241091e-02 5.894819e-02 8.083614e-04 7.148128e-04 7.603639e-04 1.294281e+00 5.906746e-04 
5.739343e-02 5.140956e-02 5.910495e-02 6.510632e-04 6.752448e-04 7.273087e-04 1.246340e+00 5.723602e-04 
5.851430e-02 5.156707e-02 5.824118e-02 7.647602e-04 6.607266e-04 7.288631e-04 1.287594e+00 6.473482e-04 
5.753032e-02 5.191082e-02 5.869741e-02 6.150048e-04 6.564700e-04 8.061522e-04 1.228225e+00 5.723602e-04 
5.734728e-02 5.217604e-02 5.927464e-02 5.663718e-04 6.537934e-04 7.050986e-04 1.208046e+00 5.723602e-04 
5.941594e-02 5.230148e-02 5.906074e-02 7.948090e-04 6.617956e-04 7.476057e-04 1.290559e+00 6.281686e-04 
5.729614e-02 5.218257e-02 5.983508e-02 5.598275e-04 7.569034e-04 8.009260e-04 1.205591e+00 5.723602e-04 
5.803370e-02 5.107550e-02 5.956347e-02 7.592034e-04 6.273157e-04 7.437639e-04 1.291027e+00 5.906746e-04 
5.976438e-02 5.351676e-02 6.143194e-02 7.077376e-04 6.594750e-04 7.532456e-04 1.247111e+00 5.723602e-04 
5.580505e-02 5.084335e-02 5.768152e-02 5.291574e-04 6.264787e-04 6.605877e-04 1.204699e+00 5.906746e-04 
5.718081e-02 5.145541e-02 5.800341e-02 6.219854e-04 5.647343e-04 6.762189e-04 1.234919e+00 5.906746e-04 
5.916508e-02 5.239959e-02 6.010711e-02 7.547903e-04 6.669292e-04 7.014886e-04 1.274897e+00 6.092774e-04 
5.897322e-02 5.094218e-02 5.910284e-02 8.827349e-04 8.390211e-04 8.676387e-04 1.340154e+00 6.281686e-04 
5.866212e-02 5.239200e-02 5.952683e-02 6.963224e-04 6.955883e-04 8.095497e-04 1.253677e+00 6.281686e-04 
5.940472e-02 5.232883e-02 5.993133e-02 7.906141e-04 7.898899e-04 6.869409e-04 1.288724e+00 5.906746e-04 
5.826957e-02 5.285013e-02 5.948558e-02 6.022068e-04 6.435294e-04 7.129219e-04 1.215602e+00 5.906746e-04 
5.839534e-02 5.191274e-02 5.955476e-02 7.150837e-04 5.930733e-04 6.609984e-04 1.265344e+00 5.906746e-04 
5.684771e-02 5.075318e-02 5.857481e-02 6.557773e-04 6.719648e-04 6.248964e-04 1.254583e+00 5.906746e-04 
5.675464e-02 4.943651e-02 5.847222e-02 7.771204e-04 5.940991e-04 6.776590e-04 1.317975e+00 5.723602e-04 
5.832961e-02 5.302591e-02 6.009207e-02 5.905963e-04 5.885636e-04 7.230650e-04 1.210046e+00 5.723602e-04 
5.584332e-02 5.046791e-02 5.833410e-02 5.714663e-04 6.597670e-04 7.484084e-04 1.224368e+00 5.019869e-04 
5.823571e-02 5.246739e-02 5.985670e-02 6.385712e-04 6.220816e-04 6.750447e-04 1.231969e+00 5.543342e-04 
5.958719e-02 5.171393e-02 6.010957e-02 8.763016e-04 6.586084e-04 7.806011e-04 1.327671e+00 5.723602e-04 
5.935158e-02 5.371728e-02 5.964642e-02 6.370638e-04 7.398883e-04 6.995170e-04 1.220778e+00 5.723602e-04 
5.766700e-02 5.050878e-02 5.866215e-02 7.743458e-04 6.763717e-04 7.652698e-04 1.303530e+00 6.092774e-04 
5.837496e-02 5.099718e-02 6.064185e-02 8.069239e-04 6.995851e-04 7.468138e-04 1.310270e+00 5.723602e-04 
5.870790e-02 5.173780e-02 5.978538e-02 7.698184e-04 6.886287e-04 7.948998e-04 1.287589e+00 5.906746e-04 
5.727197e-02 5.188966e-02 5.943811e-02 5.875412e-04 5.231218e-04 6.715605e-04 1.218211e+00 5.543342e-04 
5.759021e-02 5.180061e-02 5.827729e-02 6.333291e-04 7.139619e-04 7.572190e-04 1.236026e+00 6.281686e-04 
5.695558e-02 5.074309e-02 5.865082e-02 6.690766e-04 7.082509e-04 7.789171e-04 1.259850e+00 6.092774e-04 
5.708329e-02 5.327299e-02 5.966720e-02 4.204905e-04 7.025309e-04 8.046651e-04 1.148164e+00 5.723602e-04 
5.943323e-02 5.240743e-02 6.011661e-02 7.857699e-04 7.047964e-04 8.072765e-04 1.286095e+00 6.092774e-04 
5.845595e-02 5.218109e-02 5.963471e-02 6.942315e-04 6.539589e-04 7.366459e-04 1.254964e+00 5.543342e-04 
5.853635e-02 5.326283e-02 6.023693e-02 5.895749e-04 5.974938e-04 7.124220e-04 1.207821e+00 5.365967e-04 
5.864788e-02 5.247188e-02 6.056885e-02 6.862748e-04 6.936474e-04 7.885141e-04 1.249256e+00 6.092774e-04 
5.703790e-02 5.186476e-02 5.909534e-02 5.633689e-04 6.118038e-04 7.204128e-04 1.209434e+00 5.365967e-04 
5.717116e-02 5.148066e-02 5.917708e-02 6.182835e-04 6.277989e-04 7.096376e-04 1.233292e+00 5.906746e-04 
5.758988e-02 5.214654e-02 6.009160e-02 5.973329e-04 5.808619e-04 6.092241e-04 1.219667e+00 5.723602e-04 
5.926882e-02 5.383780e-02 6.163683e-02 6.142841e-04 6.771347e-04 7.578459e-04 1.211931e+00 6.281686e-04 
5.799937e-02 5.269719e-02 5.935837e-02 5.869329e-04 7.302961e-04 7.597675e-04 1.211355e+00 6.281686e-04 
5.798884e-02 5.150106e-02 5.888878e-02 7.103469e-04 5.643650e-04 7.165753e-04 1.267817e+00 6.473482e-04 
5.779962e-02 5.103073e-02 5.898972e-02 7.366606e-04 6.498669e-04 6.684746e-04 1.282881e+00 6.473482e-04 
5.940418e-02 5.189921e-02 5.970233e-02 8.353291e-04 5.722052e-04 7.481482e-04 1.310125e+00 6.281686e-04 
5.817270e-02 5.338104e-02 5.927734e-02 5.345269e-04 7.368270e-04 8.396214e-04 1.187584e+00 5.723602e-04 
5.879872e-02 5.282457e-02 5.974786e-02 6.668537e-04 5.858441e-04 6.725705e-04 1.238978e+00 5.723602e-04 
5.772149e-02 5.256974e-02 5.927181e-02 5.681929e-04 6.387173e-04 7.596643e-04 1.205600e+00 5.906746e-04 
5.845715e-02 5.137892e-02 5.939441e-02 7.774451e-04 6.595433e-04 6.961367e-04 1.294510e+00 5.906746e-04 
5.815093e-02 5.260055e-02 5.997917e-02 6.147125e-04 6.890365e-04 7.030935e-04 1.222173e+00 5.906746e-04 
5.851732e-02 5.331753e-02 5.973937e-02 5.815179e-04 6.233731e-04 7.535554e-04 1.204561e+00 6.092774e-04 
5.836891e-02 5.108770e-02 5.934247e-02 7.969763e-04 6.808140e-04 7.457046e-04 1.305360e+00 5.906746e-04 
5.889148e-02 5.215294e-02 5.968414e-02 7.482771e-04 7.455532e-04 8.029066e-04 1.275109e+00 6.092774e-04 
5.859797e-02 5.167247e-02 5.896471e-02 7.636782e-04 7.161348e-04 7.312578e-04 1.286017e+00 6.281686e-04 
5.862260e-02 5.226919e-02 5.953381e-02 7.045411e-04 6.856175e-04 7.245621e-04 1.257878e+00 6.281686e-04 
5.810391e-02 5.229559e-02 5.981282e-02 6.412357e-04 6.935103e-04 8.067591e-04 1.234470e+00 6.092774e-04 
5.932775e-02 5.304659e-02 6.089049e-02 7.058411e-04 6.009407e-04 7.251201e-04 1.250837e+00 5.906746e-04 
5.699977e-02 5.080866e-02 5.852129e-02 6.674538e-04 5.838940e-04 7.709636e-04 1.258551e+00 5.723602e-04 
5.861731e-02 5.267086e-02 6.008718e-02 6.617700e-04 6.701624e-04 7.693721e-04 1.238543e+00 6.092774e-04 
5.656866e-02 5.192584e-02 5.908059e-02 5.037203e-04 6.369577e-04 7.074205e-04 1.186820e+00 5.543342e-04 
5.823151e-02 5.321712e-02 5.967146e-02 5.588470e-04 6.385882e-04 8.149531e-04 1.197329e+00 5.723602e-04 
5.897888e-02 5.179859e-02 5.980833e-02 7.954150e-04 6.149993e-04 7.240174e-04 1.296454e+00 5.723602e-04 
6.038223e-02 5.388002e-02 6.079261e-02 7.429573e-04 6.089957e-04 6.234553e-04 1.255922e+00 6.281686e-04 
5.809983e-02 5.140058e-02 6.616928e-02 7.335703e-04 7.168403e-04 7.545313e-04 1.277655e+00 6.281686e-04 
5.696919e-02 5.196814e-02 5.870283e-02 5.448008e-04 6.582636e-04 7.493688e-04 1.201727e+00 5.906746e-04 
