CD temperatures [deg C] from synthetic data. 
  T_18,    T_D,   T_17,  T_diff1_18D, T_diff2_18D, T_diff3_18D, T_diff1_17D, T_diff2_17D, T_division_18D, T_division_17D 
-5.447640e+01 -5.473832e+01 -5.475867e+01 -5.325264e+01 -5.455907e+01 -5.605936e+01 -5.484476e+01 -5.455569e+01 -6.274623e+01 -5.412880e+01 
-5.438883e+01 -5.397029e+01 -5.419738e+01 -5.664985e+01 -5.632371e+01 -5.723476e+01 -5.521435e+01 -5.607544e+01 -3.902643e+01 -4.658120e+01 
-5.579830e+01 -5.592086e+01 -5.511774e+01 -5.522513e+01 -5.449209e+01 -5.566072e+01 -5.218213e+01 -5.454381e+01 -5.970916e+01 -7.681989e+01 
-5.532854e+01 -5.502091e+01 -5.466863e+01 -5.692057e+01 -5.294424e+01 -5.529640e+01 -5.326800e+01 -5.432189e+01 -4.442895e+01 -6.507060e+01 
-5.536760e+01 -5.529929e+01 -5.159396e+01 -5.566505e+01 -5.494489e+01 -5.529640e+01 -4.178054e+01 -5.417143e+01 -5.322132e+01 -1.199685e+02 
-5.493074e+01 -5.506452e+01 -5.472327e+01 -5.428257e+01 -5.411460e+01 -5.644632e+01 -5.336426e+01 -5.457593e+01 -5.921411e+01 -6.482269e+01 
-5.442448e+01 -5.465150e+01 -5.450193e+01 -5.336676e+01 -5.282099e+01 -5.529640e+01 -5.388297e+01 -5.309153e+01 -6.157234e+01 -5.911003e+01 
-5.520914e+01 -5.519071e+01 -5.493192e+01 -5.529843e+01 -5.436096e+01 -5.566072e+01 -5.388411e+01 -5.532131e+01 -5.459245e+01 -6.274491e+01 
-5.423222e+01 -5.431041e+01 -5.435576e+01 -5.385534e+01 -5.551328e+01 -5.683810e+01 -5.454373e+01 -5.443767e+01 -5.677932e+01 -5.289722e+01 
-5.512884e+01 -5.524754e+01 -5.481345e+01 -5.455370e+01 -5.578924e+01 -5.683810e+01 -5.311320e+01 -5.465996e+01 -5.900146e+01 -6.744852e+01 
-5.518246e+01 -5.533327e+01 -5.470947e+01 -5.447532e+01 -5.483463e+01 -5.566072e+01 -5.234464e+01 -5.479600e+01 -5.994173e+01 -7.218480e+01 
-5.424521e+01 -5.429187e+01 -5.415755e+01 -5.401879e+01 -5.435348e+01 -5.529640e+01 -5.359724e+01 -5.447627e+01 -5.577617e+01 -5.831858e+01 
-5.490747e+01 -5.506702e+01 -5.486652e+01 -5.416056e+01 -5.563189e+01 -5.605936e+01 -5.405212e+01 -5.625743e+01 -5.998320e+01 -6.094763e+01 
-5.579520e+01 -5.514450e+01 -5.525778e+01 -5.943259e+01 -5.332848e+01 -5.529640e+01 -5.575788e+01 -5.384101e+01 -3.065964e+01 -5.152035e+01 
-5.481956e+01 -5.500457e+01 -5.490095e+01 -5.396310e+01 -5.340454e+01 -5.566072e+01 -5.446257e+01 -5.398719e+01 -6.064131e+01 -5.810338e+01 
-5.528470e+01 -5.510703e+01 -5.473936e+01 -5.617426e+01 -5.675469e+01 -5.683810e+01 -5.329485e+01 -5.663907e+01 -4.920427e+01 -6.549525e+01 
-5.413749e+01 -5.446534e+01 -5.442179e+01 -5.263337e+01 -5.445896e+01 -5.529640e+01 -5.423762e+01 -5.515227e+01 -6.425984e+01 -5.579469e+01 
-5.445915e+01 -5.456943e+01 -5.406619e+01 -5.393303e+01 -5.464056e+01 -5.605936e+01 -5.209895e+01 -5.523167e+01 -5.802064e+01 -6.855051e+01 
-5.524111e+01 -5.557354e+01 -5.479804e+01 -5.375738e+01 -5.460313e+01 -5.644632e+01 -5.194119e+01 -5.505621e+01 -6.534764e+01 -7.587583e+01 
-5.479126e+01 -5.509522e+01 -5.491412e+01 -5.341302e+01 -5.208054e+01 -5.566072e+01 -5.417358e+01 -5.386727e+01 -6.414159e+01 -6.044434e+01 
-5.492457e+01 -5.537931e+01 -5.490672e+01 -5.291598e+01 -5.551706e+01 -5.644632e+01 -5.307573e+01 -5.356681e+01 -6.852145e+01 -6.850415e+01 
-5.495270e+01 -5.489166e+01 -5.479429e+01 -5.524845e+01 -5.485930e+01 -5.605936e+01 -5.438233e+01 -5.573857e+01 -5.292428e+01 -5.778440e+01 
-5.465294e+01 -5.531902e+01 -5.473242e+01 -5.180745e+01 -5.525215e+01 -5.683810e+01 -5.250907e+01 -5.434849e+01 -7.379655e+01 -7.120492e+01 
-5.472661e+01 -5.499547e+01 -5.494455e+01 -5.349053e+01 -5.502452e+01 -5.605936e+01 -5.472913e+01 -5.440427e+01 -6.309821e+01 -5.653764e+01 
-5.446773e+01 -5.504616e+01 -5.435339e+01 -5.194940e+01 -5.491318e+01 -5.529640e+01 -5.174090e+01 -5.405361e+01 -7.140286e+01 -7.356218e+01 
-5.336551e+01 -5.557367e+01 -5.525121e+01 -4.579989e+01 -5.474083e+01 -5.605936e+01 -5.398628e+01 -5.328709e+01 -1.029836e+02 -6.471791e+01 
-5.483800e+01 -5.500858e+01 -5.483746e+01 -5.404533e+01 -5.467804e+01 -5.605936e+01 -5.414123e+01 -5.617756e+01 -6.022654e+01 -6.004178e+01 
-5.585520e+01 -5.532324e+01 -5.521385e+01 -5.873979e+01 -5.643916e+01 -5.683810e+01 -5.477039e+01 -5.372403e+01 -3.594606e+01 -5.853826e+01 
-5.536083e+01 -5.462324e+01 -5.506953e+01 -5.962584e+01 -5.434877e+01 -5.605936e+01 -5.714578e+01 -5.426247e+01 -2.600109e+01 -3.937944e+01 
-5.458905e+01 -5.537674e+01 -5.444205e+01 -5.128971e+01 -5.567257e+01 -5.644632e+01 -5.106646e+01 -5.496986e+01 -7.671887e+01 -7.924332e+01 
-5.447620e+01 -5.498794e+01 -5.447800e+01 -5.222168e+01 -5.531077e+01 -5.492652e+01 -5.250008e+01 -5.414493e+01 -6.965603e+01 -6.909712e+01 
-5.523738e+01 -5.521611e+01 -5.502270e+01 -5.534044e+01 -5.486747e+01 -5.683810e+01 -5.422689e+01 -5.477155e+01 -5.452409e+01 -6.096653e+01 
-5.445314e+01 -5.486197e+01 -5.447038e+01 -5.261279e+01 -5.489350e+01 -5.566072e+01 -5.291666e+01 -5.524810e+01 -6.686158e+01 -6.598084e+01 
-5.458248e+01 -5.462895e+01 -5.440682e+01 -5.434293e+01 -5.500000e+01 -5.644632e+01 -5.349879e+01 -5.521473e+01 -5.610377e+01 -6.115241e+01 
-5.490131e+01 -5.518178e+01 -5.487330e+01 -5.361424e+01 -5.362976e+01 -5.644632e+01 -5.363858e+01 -5.381355e+01 -6.363357e+01 -6.407147e+01 
-5.577621e+01 -5.511711e+01 -5.537350e+01 -5.947230e+01 -5.377193e+01 -5.644632e+01 -5.650833e+01 -5.458042e+01 -3.023701e+01 -4.680692e+01 
-5.508171e+01 -5.507201e+01 -5.480073e+01 -5.512869e+01 -5.369661e+01 -5.605936e+01 -5.371555e+01 -5.350730e+01 -5.475970e+01 -6.289521e+01 
-5.477626e+01 -5.547417e+01 -5.472203e+01 -5.182783e+01 -5.519735e+01 -5.566072e+01 -5.193020e+01 -5.546528e+01 -7.464492e+01 -7.529966e+01 
-5.479712e+01 -5.485283e+01 -5.489786e+01 -5.452722e+01 -5.466119e+01 -5.529640e+01 -5.508835e+01 -5.582644e+01 -5.659015e+01 -5.347216e+01 
-5.419850e+01 -5.476002e+01 -5.438456e+01 -5.172507e+01 -5.508583e+01 -5.566072e+01 -5.288223e+01 -5.647699e+01 -7.078666e+01 -6.550908e+01 
-5.453115e+01 -5.493276e+01 -5.519451e+01 -5.272568e+01 -5.334596e+01 -5.644632e+01 -5.636885e+01 -5.325141e+01 -6.671508e+01 -4.635500e+01 
-5.466713e+01 -5.464003e+01 -5.456498e+01 -5.479846e+01 -5.453831e+01 -5.644632e+01 -5.425016e+01 -5.412725e+01 -5.376544e+01 -5.691299e+01 
-5.488487e+01 -5.513380e+01 -5.434864e+01 -5.373822e+01 -5.411337e+01 -5.605936e+01 -5.142832e+01 -5.523529e+01 -6.266782e+01 -7.577283e+01 
-5.492475e+01 -5.541133e+01 -5.494980e+01 -5.278832e+01 -5.467403e+01 -5.566072e+01 -5.315825e+01 -5.256596e+01 -6.938049e+01 -6.825969e+01 
-5.416504e+01 -5.461159e+01 -5.418839e+01 -5.216316e+01 -5.642695e+01 -5.566072e+01 -5.251449e+01 -5.462572e+01 -6.761475e+01 -6.654960e+01 
-5.518238e+01 -5.524138e+01 -5.491067e+01 -5.489651e+01 -5.510340e+01 -5.723476e+01 -5.358732e+01 -5.513894e+01 -5.713906e+01 -6.476447e+01 
-5.511265e+01 -5.564913e+01 -5.519426e+01 -5.278735e+01 -5.870462e+01 -5.644632e+01 -5.343985e+01 -5.767469e+01 -7.086514e+01 -6.826904e+01 
-5.449073e+01 -5.471400e+01 -5.457205e+01 -5.343502e+01 -5.555657e+01 -5.644632e+01 -5.397004e+01 -5.500000e+01 -6.162931e+01 -5.905674e+01 
-5.518182e+01 -5.519691e+01 -5.470121e+01 -5.510873e+01 -5.427703e+01 -5.644632e+01 -5.277445e+01 -5.402712e+01 -5.568838e+01 -6.897447e+01 
-5.577331e+01 -5.572417e+01 -5.550625e+01 -5.601112e+01 -5.479056e+01 -5.529640e+01 -5.462379e+01 -5.500000e+01 -5.414296e+01 -6.208019e+01 
-5.554381e+01 -5.547287e+01 -5.500978e+01 -5.588999e+01 -5.523214e+01 -5.492652e+01 -5.321376e+01 -5.436218e+01 -5.317459e+01 -6.835809e+01 
-5.530877e+01 -5.516023e+01 -5.473006e+01 -5.604347e+01 -5.393850e+01 -5.644632e+01 -5.305503e+01 -5.436818e+01 -5.028746e+01 -6.718442e+01 
-5.522944e+01 -5.458127e+01 -5.482274e+01 -5.891351e+01 -5.505215e+01 -5.605936e+01 -5.590722e+01 -5.426315e+01 -2.995604e+01 -4.668479e+01 
-5.517826e+01 -5.503796e+01 -5.451315e+01 -5.588603e+01 -5.595838e+01 -5.723476e+01 -5.248366e+01 -5.600243e+01 -5.035741e+01 -6.951371e+01 
-5.493059e+01 -5.464310e+01 -5.449746e+01 -5.642228e+01 -5.500000e+01 -5.723476e+01 -5.389426e+01 -5.262726e+01 -4.475784e+01 -5.898835e+01 
-5.524149e+01 -5.559681e+01 -5.511654e+01 -5.366183e+01 -5.312603e+01 -5.605936e+01 -5.326505e+01 -5.377024e+01 -6.599742e+01 -6.888989e+01 
-5.460011e+01 -5.516903e+01 -5.473443e+01 -5.211999e+01 -5.719932e+01 -5.644632e+01 -5.304256e+01 -5.552995e+01 -7.130398e+01 -6.731230e+01 
-5.434693e+01 -5.473980e+01 -5.458621e+01 -5.256093e+01 -5.417258e+01 -5.605936e+01 -5.394008e+01 -5.563389e+01 -6.637885e+01 -5.939896e+01 
-5.483564e+01 -5.473642e+01 -5.460522e+01 -5.531640e+01 -5.471005e+01 -5.683810e+01 -5.404899e+01 -5.523552e+01 -5.154819e+01 -5.875077e+01 
-5.417228e+01 -5.463209e+01 -5.442957e+01 -5.211622e+01 -5.536685e+01 -5.529640e+01 -5.359893e+01 -5.481488e+01 -6.798376e+01 -6.060371e+01 
-5.551232e+01 -5.533976e+01 -5.513818e+01 -5.637466e+01 -5.256884e+01 -5.644632e+01 -5.432386e+01 -5.445132e+01 -4.960635e+01 -6.123183e+01 
-5.536307e+01 -5.564627e+01 -5.544752e+01 -5.407756e+01 -5.362013e+01 -5.605936e+01 -5.463906e+01 -5.512234e+01 -6.411580e+01 -6.146933e+01 
-5.478623e+01 -5.473789e+01 -5.493336e+01 -5.502042e+01 -5.707344e+01 -5.644632e+01 -5.578250e+01 -5.553942e+01 -5.320899e+01 -4.855438e+01 
-5.457895e+01 -5.516087e+01 -5.455399e+01 -5.204782e+01 -5.421365e+01 -5.566072e+01 -5.223710e+01 -5.588539e+01 -7.161891e+01 -7.165553e+01 
-5.441110e+01 -5.453102e+01 -5.435119e+01 -5.383968e+01 -5.459202e+01 -5.529640e+01 -5.360962e+01 -5.421003e+01 -5.827718e+01 -5.986213e+01 
-5.477656e+01 -5.441816e+01 -5.441622e+01 -5.668606e+01 -5.217327e+01 -5.455107e+01 -5.439485e+01 -5.415881e+01 -4.177906e+01 -5.447798e+01 
-5.472482e+01 -5.498033e+01 -5.455410e+01 -5.354677e+01 -5.430840e+01 -5.644632e+01 -5.287865e+01 -5.391482e+01 -6.270447e+01 -6.696712e+01 
-5.491117e+01 -5.508237e+01 -5.464946e+01 -5.411100e+01 -5.421659e+01 -5.644632e+01 -5.295123e+01 -5.493315e+01 -6.034784e+01 -6.723991e+01 
-5.443066e+01 -5.594828e+01 -5.474459e+01 -4.878952e+01 -5.679727e+01 -5.644632e+01 -5.060272e+01 -5.384598e+01 -9.203337e+01 -8.514789e+01 
-5.398938e+01 -5.390809e+01 -5.396027e+01 -5.438329e+01 -5.660454e+01 -5.763631e+01 -5.418671e+01 -5.565642e+01 -5.123857e+01 -5.227606e+01 
-5.547720e+01 -5.518843e+01 -5.527407e+01 -5.695250e+01 -5.503097e+01 -5.605936e+01 -5.563638e+01 -5.473022e+01 -4.536489e+01 -5.246118e+01 
-5.449209e+01 -5.388697e+01 -5.389857e+01 -5.792022e+01 -5.604546e+01 -5.683810e+01 -5.394852e+01 -5.601861e+01 -3.114937e+01 -5.352787e+01 
-5.433036e+01 -5.457394e+01 -5.410419e+01 -5.319759e+01 -5.777737e+01 -5.566072e+01 -5.225852e+01 -5.660965e+01 -6.197712e+01 -6.770888e+01 
-5.470212e+01 -5.438341e+01 -5.440945e+01 -5.637308e+01 -5.470463e+01 -5.605936e+01 -5.451262e+01 -5.523558e+01 -4.332520e+01 -5.357582e+01 
-5.521616e+01 -5.498179e+01 -5.494211e+01 -5.642303e+01 -5.439460e+01 -5.566072e+01 -5.477426e+01 -5.485116e+01 -4.698311e+01 -5.618568e+01 
-5.533331e+01 -5.544301e+01 -5.500596e+01 -5.481571e+01 -5.760209e+01 -5.683810e+01 -5.330305e+01 -5.608069e+01 -5.885490e+01 -6.766792e+01 
-5.448586e+01 -5.482798e+01 -5.457525e+01 -5.292410e+01 -5.366823e+01 -5.566072e+01 -5.354562e+01 -5.442683e+01 -6.502946e+01 -6.223023e+01 
-5.433790e+01 -5.552913e+01 -5.468306e+01 -4.967321e+01 -5.493390e+01 -5.644632e+01 -5.158672e+01 -5.349110e+01 -8.551709e+01 -7.744938e+01 
-5.457849e+01 -5.441515e+01 -5.449898e+01 -5.539925e+01 -5.569184e+01 -5.605936e+01 -5.486165e+01 -5.534010e+01 -4.896255e+01 -5.178275e+01 
-5.542689e+01 -5.553245e+01 -5.521335e+01 -5.493014e+01 -5.473181e+01 -5.566072e+01 -5.395661e+01 -5.622948e+01 -5.881627e+01 -6.460999e+01 
-5.468044e+01 -5.465648e+01 -5.402363e+01 -5.479621e+01 -5.460403e+01 -5.683810e+01 -5.160043e+01 -5.486589e+01 -5.388407e+01 -7.180230e+01 
-5.465313e+01 -5.502819e+01 -5.433855e+01 -5.296243e+01 -5.369955e+01 -5.605936e+01 -5.173609e+01 -5.397737e+01 -6.608025e+01 -7.347201e+01 
-5.535706e+01 -5.524864e+01 -5.496170e+01 -5.587825e+01 -5.662380e+01 -5.644632e+01 -5.380205e+01 -5.477432e+01 -5.179476e+01 -6.360476e+01 
-5.447206e+01 -5.490561e+01 -5.468533e+01 -5.253223e+01 -5.396143e+01 -5.492652e+01 -5.378673e+01 -5.491565e+01 -6.754887e+01 -6.137606e+01 
-5.442705e+01 -5.467722e+01 -5.474668e+01 -5.326703e+01 -5.717900e+01 -5.683810e+01 -5.506018e+01 -5.537313e+01 -6.226415e+01 -5.242115e+01 
-5.207355e+01 -5.535860e+01 -5.497357e+01 -4.202773e+01 -5.520730e+01 -5.644632e+01 -5.345883e+01 -5.450784e+01 -1.167265e+02 -6.624437e+01 
-5.466564e+01 -5.453857e+01 -5.455810e+01 -5.529919e+01 -5.562958e+01 -5.605936e+01 -5.463682e+01 -5.532373e+01 -5.033758e+01 -5.393436e+01 
-5.429318e+01 -5.489805e+01 -5.473327e+01 -5.166259e+01 -5.422968e+01 -5.492652e+01 -5.406879e+01 -5.430878e+01 -7.194039e+01 -5.971337e+01 
-5.514866e+01 -5.490197e+01 -5.455534e+01 -5.641436e+01 -5.467025e+01 -5.683810e+01 -5.317186e+01 -5.450393e+01 -4.650951e+01 -6.482117e+01 
-5.517940e+01 -5.531086e+01 -5.464363e+01 -5.456295e+01 -5.339882e+01 -5.644632e+01 -5.212952e+01 -5.425921e+01 -5.934188e+01 -7.319373e+01 
-5.471171e+01 -5.520664e+01 -5.463150e+01 -5.252551e+01 -5.315336e+01 -5.605936e+01 -5.242398e+01 -5.443686e+01 -6.946987e+01 -7.094814e+01 
-5.488732e+01 -5.520293e+01 -5.497593e+01 -5.344844e+01 -5.630143e+01 -5.644632e+01 -5.404957e+01 -5.517438e+01 -6.464476e+01 -6.188824e+01 
-5.476514e+01 -5.485611e+01 -5.431614e+01 -5.432440e+01 -5.592865e+01 -5.644632e+01 -5.222377e+01 -5.514328e+01 -5.766640e+01 -6.974722e+01 
-5.551070e+01 -5.524231e+01 -5.473916e+01 -5.686820e+01 -5.494142e+01 -5.683810e+01 -5.279710e+01 -5.494285e+01 -4.620498e+01 -6.915347e+01 
-5.515197e+01 -5.509336e+01 -5.490549e+01 -5.543593e+01 -5.542705e+01 -5.605936e+01 -5.413858e+01 -5.504799e+01 -5.317483e+01 -6.063212e+01 
-5.516108e+01 -5.523397e+01 -5.487445e+01 -5.480795e+01 -5.444336e+01 -5.644632e+01 -5.344545e+01 -5.438159e+01 -5.756642e+01 -6.550890e+01 
-5.453132e+01 -5.487280e+01 -5.456003e+01 -5.297592e+01 -5.411913e+01 -5.492652e+01 -5.330289e+01 -5.360163e+01 -6.503670e+01 -6.389475e+01 
-5.440483e+01 -5.430314e+01 -5.428461e+01 -5.491328e+01 -5.784694e+01 -5.723476e+01 -5.420570e+01 -5.785415e+01 -5.095590e+01 -5.487270e+01 
-5.477389e+01 -5.489754e+01 -5.487252e+01 -5.419856e+01 -5.417604e+01 -5.605936e+01 -5.476668e+01 -5.485129e+01 -5.869557e+01 -5.565547e+01 
-5.592130e+01 -5.598383e+01 -5.509274e+01 -5.561254e+01 -5.434060e+01 -5.605936e+01 -5.187773e+01 -5.353223e+01 -5.794200e+01 -7.881009e+01 
-5.539996e+01 -5.557740e+01 -5.498786e+01 -5.457086e+01 -5.611090e+01 -5.566072e+01 -5.274982e+01 -5.381675e+01 -6.100863e+01 -7.157880e+01 
-5.481610e+01 -5.472526e+01 -5.458426e+01 -5.525617e+01 -5.419397e+01 -5.683810e+01 -5.398731e+01 -5.553843e+01 -5.181708e+01 -5.903186e+01 
-5.534163e+01 -5.492885e+01 -5.461575e+01 -5.753219e+01 -5.539983e+01 -5.644632e+01 -5.336025e+01 -5.434200e+01 -4.032668e+01 -6.394270e+01 
-5.550465e+01 -5.521534e+01 -5.469619e+01 -5.697959e+01 -5.552163e+01 -5.683810e+01 -5.268534e+01 -5.551407e+01 -4.539221e+01 -6.958469e+01 
-5.437315e+01 -5.427355e+01 -5.422207e+01 -5.487078e+01 -5.447980e+01 -5.605936e+01 -5.400402e+01 -5.359284e+01 -5.099625e+01 -5.584473e+01 
-5.492470e+01 -5.538153e+01 -5.483103e+01 -5.290771e+01 -5.470479e+01 -5.644632e+01 -5.272768e+01 -5.476585e+01 -6.857813e+01 -7.042464e+01 
-5.477255e+01 -5.454264e+01 -5.450444e+01 -5.596495e+01 -5.576322e+01 -5.683810e+01 -5.434292e+01 -5.421015e+01 -4.667125e+01 -5.570937e+01 
-5.415219e+01 -5.451746e+01 -5.445529e+01 -5.248889e+01 -5.520218e+01 -5.644632e+01 -5.419341e+01 -5.563410e+01 -6.534089e+01 -5.640725e+01 
-5.533735e+01 -5.545462e+01 -5.517801e+01 -5.478460e+01 -5.328573e+01 -5.605936e+01 -5.407788e+01 -5.507089e+01 -5.909550e+01 -6.340437e+01 
-5.500829e+01 -5.526741e+01 -5.487581e+01 -5.380595e+01 -5.437511e+01 -5.644632e+01 -5.332594e+01 -5.455746e+01 -6.317201e+01 -6.640228e+01 
-5.520583e+01 -5.557798e+01 -5.534689e+01 -5.355163e+01 -5.424328e+01 -5.529640e+01 -5.440400e+01 -5.481709e+01 -6.645702e+01 -6.230684e+01 
-5.444822e+01 -5.437629e+01 -5.457372e+01 -5.480406e+01 -5.478195e+01 -5.605936e+01 -5.544173e+01 -5.426389e+01 -5.202610e+01 -4.801340e+01 
-5.518312e+01 -5.456780e+01 -5.441380e+01 -5.864722e+01 -5.592704e+01 -5.723476e+01 -5.377622e+01 -5.539442e+01 -3.143537e+01 -5.915681e+01 
-5.472774e+01 -5.486861e+01 -5.490599e+01 -5.407679e+01 -5.600819e+01 -5.644632e+01 -5.506410e+01 -5.436180e+01 -5.916770e+01 -5.372344e+01 
-5.466767e+01 -5.531216e+01 -5.480384e+01 -5.190465e+01 -5.422139e+01 -5.683810e+01 -5.284908e+01 -5.443074e+01 -7.326651e+01 -6.930868e+01 
-5.479874e+01 -5.485948e+01 -5.460331e+01 -5.450444e+01 -5.411083e+01 -5.605936e+01 -5.356245e+01 -5.516031e+01 -5.675194e+01 -6.234304e+01 
-5.426102e+01 -5.419228e+01 -5.408749e+01 -5.459731e+01 -5.419766e+01 -5.566072e+01 -5.364742e+01 -5.339201e+01 -5.194547e+01 -5.735552e+01 
-5.406430e+01 -5.524581e+01 -5.452157e+01 -4.940307e+01 -5.276194e+01 -5.455107e+01 -5.180331e+01 -5.428566e+01 -8.515256e+01 -7.452754e+01 
-5.516902e+01 -5.546502e+01 -5.459093e+01 -5.383141e+01 -5.404577e+01 -5.529640e+01 -5.140072e+01 -5.451730e+01 -6.427004e+01 -7.800933e+01 
-5.440393e+01 -5.479952e+01 -5.424629e+01 -5.261324e+01 -5.448115e+01 -5.644632e+01 -5.210198e+01 -5.500000e+01 -6.647397e+01 -7.004461e+01 
-5.490205e+01 -5.523420e+01 -5.401580e+01 -5.339001e+01 -5.350971e+01 -5.566072e+01 -4.977221e+01 -5.363224e+01 -6.515342e+01 -8.496292e+01 
-5.406971e+01 -5.498066e+01 -5.430368e+01 -5.031766e+01 -5.584034e+01 -5.605936e+01 -5.174228e+01 -5.509221e+01 -7.917122e+01 -7.313372e+01 
-5.484083e+01 -5.483541e+01 -5.435109e+01 -5.486710e+01 -5.433283e+01 -5.605936e+01 -5.245622e+01 -5.593931e+01 -5.466632e+01 -6.834698e+01 
-5.446579e+01 -5.438637e+01 -5.447585e+01 -5.486005e+01 -5.799285e+01 -5.723476e+01 -5.486359e+01 -5.652950e+01 -5.178715e+01 -5.157255e+01 
-5.474506e+01 -5.517630e+01 -5.483391e+01 -5.283336e+01 -5.709328e+01 -5.644632e+01 -5.347396e+01 -5.616909e+01 -6.768864e+01 -6.495914e+01 
-5.512529e+01 -5.529979e+01 -5.484468e+01 -5.427982e+01 -5.506246e+01 -5.605936e+01 -5.306297e+01 -5.455313e+01 -6.075853e+01 -6.807843e+01 
-5.515186e+01 -5.527799e+01 -5.487841e+01 -5.454077e+01 -5.434316e+01 -5.644632e+01 -5.329842e+01 -5.475745e+01 -5.926915e+01 -6.662706e+01 
-5.471274e+01 -5.464983e+01 -5.457985e+01 -5.502323e+01 -5.446208e+01 -5.566072e+01 -5.428608e+01 -5.405620e+01 -5.260278e+01 -5.677132e+01 
-5.466873e+01 -5.455563e+01 -5.410062e+01 -5.523176e+01 -5.342289e+01 -5.605936e+01 -5.230824e+01 -5.381896e+01 -5.082930e+01 -6.731637e+01 
-5.478112e+01 -5.495362e+01 -5.453945e+01 -5.398371e+01 -5.350107e+01 -5.529640e+01 -5.290733e+01 -5.395636e+01 -6.020631e+01 -6.663281e+01 
-5.547925e+01 -5.548073e+01 -5.534119e+01 -5.546409e+01 -5.549040e+01 -5.566072e+01 -5.476768e+01 -5.460369e+01 -5.552800e+01 -5.962430e+01 
-5.443918e+01 -5.436912e+01 -5.438704e+01 -5.478533e+01 -5.588133e+01 -5.644632e+01 -5.445310e+01 -5.533164e+01 -5.208107e+01 -5.381420e+01 
-5.396665e+01 -5.366041e+01 -5.359311e+01 -5.557295e+01 -5.429306e+01 -5.529640e+01 -5.330643e+01 -5.577729e+01 -4.301731e+01 -5.571557e+01 
-5.448452e+01 -5.458733e+01 -5.445358e+01 -5.399344e+01 -5.522164e+01 -5.644632e+01 -5.389799e+01 -5.442210e+01 -5.780978e+01 -5.858941e+01 
-5.445254e+01 -5.450516e+01 -5.423523e+01 -5.419836e+01 -5.546723e+01 -5.644632e+01 -5.313872e+01 -5.598248e+01 -5.617410e+01 -6.236172e+01 
-5.490203e+01 -5.484915e+01 -5.449279e+01 -5.515823e+01 -5.301453e+01 -5.492652e+01 -5.306953e+01 -5.459340e+01 -5.315543e+01 -6.504608e+01 
-5.538624e+01 -5.500626e+01 -5.478400e+01 -5.738600e+01 -5.583321e+01 -5.644632e+01 -5.389022e+01 -5.399622e+01 -4.167783e+01 -6.146086e+01 
-5.469397e+01 -5.493445e+01 -5.470349e+01 -5.358053e+01 -5.405970e+01 -5.529640e+01 -5.376433e+01 -5.448776e+01 -6.223526e+01 -6.169594e+01 
-5.515876e+01 -5.520306e+01 -5.497406e+01 -5.494411e+01 -5.550847e+01 -5.644632e+01 -5.403993e+01 -5.449519e+01 -5.662912e+01 -6.194402e+01 
-5.569653e+01 -5.567278e+01 -5.541107e+01 -5.581095e+01 -5.410897e+01 -5.605936e+01 -5.434947e+01 -5.331123e+01 -5.491293e+01 -6.324098e+01 
-5.547150e+01 -5.561674e+01 -5.514074e+01 -5.479289e+01 -5.226992e+01 -5.605936e+01 -5.330627e+01 -5.537643e+01 -6.009251e+01 -6.879360e+01 
-5.503493e+01 -5.482801e+01 -5.438740e+01 -5.607882e+01 -5.411731e+01 -5.683810e+01 -5.265071e+01 -5.453798e+01 -4.791369e+01 -6.723099e+01 
-5.475324e+01 -5.533765e+01 -5.503748e+01 -5.223710e+01 -5.429119e+01 -5.566072e+01 -5.383959e+01 -5.562382e+01 -7.174340e+01 -6.396912e+01 
-5.437109e+01 -5.438680e+01 -5.440838e+01 -5.429450e+01 -5.317230e+01 -5.605936e+01 -5.449156e+01 -5.548970e+01 -5.488977e+01 -5.371834e+01 
-5.488513e+01 -5.512231e+01 -5.486664e+01 -5.379048e+01 -5.456652e+01 -5.529640e+01 -5.383618e+01 -5.521002e+01 -6.231629e+01 -6.255173e+01 
-5.427528e+01 -5.468794e+01 -5.414949e+01 -5.241698e+01 -5.431685e+01 -5.605936e+01 -5.205991e+01 -5.461704e+01 -6.678188e+01 -6.953521e+01 
-5.449589e+01 -5.519683e+01 -5.457954e+01 -5.150475e+01 -5.426129e+01 -5.605936e+01 -5.222606e+01 -5.561735e+01 -7.457068e+01 -7.195143e+01 
-5.529401e+01 -5.528075e+01 -5.479225e+01 -5.533678e+01 -5.549039e+01 -5.763631e+01 -5.289559e+01 -5.468140e+01 -5.497348e+01 -6.887115e+01 
-5.563611e+01 -5.527119e+01 -5.545151e+01 -5.752258e+01 -5.561686e+01 -5.605936e+01 -5.622295e+01 -5.500000e+01 -4.267540e+01 -4.963302e+01 
-5.502026e+01 -5.510140e+01 -5.462863e+01 -5.462716e+01 -5.668022e+01 -5.605936e+01 -5.278589e+01 -5.410301e+01 -5.766122e+01 -6.827733e+01 
-5.552632e+01 -5.538974e+01 -5.544160e+01 -5.620310e+01 -5.423425e+01 -5.605936e+01 -5.564594e+01 -5.417695e+01 -5.089253e+01 -5.378416e+01 
-5.541070e+01 -5.480192e+01 -5.489190e+01 -5.879572e+01 -5.511190e+01 -5.644632e+01 -5.527258e+01 -5.467537e+01 -3.213902e+01 -5.202094e+01 
-5.466050e+01 -5.519582e+01 -5.467573e+01 -5.231290e+01 -5.379995e+01 -5.529640e+01 -5.266222e+01 -5.427476e+01 -7.049023e+01 -6.958113e+01 
-5.465560e+01 -5.476856e+01 -5.458688e+01 -5.410779e+01 -5.290888e+01 -5.492652e+01 -5.383127e+01 -5.425874e+01 -5.837000e+01 -6.021233e+01 
-5.505337e+01 -5.538406e+01 -5.487608e+01 -5.356000e+01 -5.407528e+01 -5.529640e+01 -5.292028e+01 -5.465337e+01 -6.518995e+01 -6.938917e+01 
-5.525597e+01 -5.526690e+01 -5.519196e+01 -5.520298e+01 -5.358147e+01 -5.566072e+01 -5.487492e+01 -5.388352e+01 -5.562942e+01 -5.757707e+01 
-5.414200e+01 -5.462971e+01 -5.455055e+01 -5.197129e+01 -5.436462e+01 -5.529640e+01 -5.421872e+01 -5.534864e+01 -6.871160e+01 -5.702497e+01 
-5.497588e+01 -5.557677e+01 -5.531866e+01 -5.239333e+01 -5.663594e+01 -5.605936e+01 -5.428452e+01 -5.435811e+01 -7.242721e+01 -6.305118e+01 
-5.524255e+01 -5.575644e+01 -5.504720e+01 -5.302050e+01 -5.635878e+01 -5.605936e+01 -5.241049e+01 -5.519618e+01 -7.033467e+01 -7.455922e+01 
-5.539202e+01 -5.552767e+01 -5.544320e+01 -5.475542e+01 -5.390022e+01 -5.566072e+01 -5.509366e+01 -5.635860e+01 -5.971968e+01 -5.806475e+01 
-5.519119e+01 -5.564914e+01 -5.474550e+01 -5.318503e+01 -5.400611e+01 -5.529640e+01 -5.148259e+01 -5.347591e+01 -6.881478e+01 -7.874654e+01 
-5.434878e+01 -5.430550e+01 -5.445805e+01 -5.455561e+01 -5.404008e+01 -5.566072e+01 -5.512854e+01 -5.364881e+01 -5.290033e+01 -4.943692e+01 
-5.485677e+01 -5.500000e+01 -5.498084e+01 -5.418561e+01 -5.593883e+01 -5.605936e+01 -5.489828e+01 -5.784324e+01 -5.942077e+01 -5.559643e+01 
-5.468566e+01 -5.485896e+01 -5.474271e+01 -5.386871e+01 -5.298392e+01 -5.529640e+01 -5.427080e+01 -5.466348e+01 -6.022278e+01 -5.828842e+01 
-5.515348e+01 -5.463935e+01 -5.511657e+01 -5.797156e+01 -5.527717e+01 -5.644632e+01 -5.735308e+01 -5.387493e+01 -3.586072e+01 -3.820102e+01 
-5.490772e+01 -5.478797e+01 -5.480780e+01 -5.548791e+01 -5.549081e+01 -5.605936e+01 -5.489169e+01 -5.506219e+01 -5.089925e+01 -5.418996e+01 
-5.417940e+01 -5.485069e+01 -5.440905e+01 -5.128576e+01 -5.571451e+01 -5.644632e+01 -5.267033e+01 -5.432881e+01 -7.353913e+01 -6.726997e+01 
-5.459423e+01 -5.495355e+01 -5.432975e+01 -5.296767e+01 -5.420432e+01 -5.605936e+01 -5.194987e+01 -5.377684e+01 -6.558407e+01 -7.185133e+01 
-5.504098e+01 -5.526174e+01 -5.442443e+01 -5.400797e+01 -5.362138e+01 -5.605936e+01 -5.133226e+01 -5.491823e+01 -6.206059e+01 -7.709916e+01 
-5.470229e+01 -5.515575e+01 -5.451919e+01 -5.268597e+01 -5.532202e+01 -5.644632e+01 -5.209997e+01 -5.471244e+01 -6.832104e+01 -7.235882e+01 
-5.465386e+01 -5.487747e+01 -5.468758e+01 -5.361222e+01 -5.464079e+01 -5.605936e+01 -5.390729e+01 -5.450767e+01 -6.170782e+01 -6.050068e+01 
-5.475863e+01 -5.487454e+01 -5.495350e+01 -5.421957e+01 -5.415269e+01 -5.605936e+01 -5.528754e+01 -5.440356e+01 -5.843622e+01 -5.242562e+01 
-5.492727e+01 -5.509691e+01 -5.488555e+01 -5.413318e+01 -5.438226e+01 -5.644632e+01 -5.402705e+01 -5.468697e+01 -6.032257e+01 -6.129358e+01 
-5.497469e+01 -5.522853e+01 -5.468555e+01 -5.379861e+01 -5.274446e+01 -5.566072e+01 -5.259004e+01 -5.592996e+01 -6.295856e+01 -7.019198e+01 
-5.591689e+01 -5.564825e+01 -5.538839e+01 -5.728086e+01 -5.514088e+01 -5.605936e+01 -5.433277e+01 -5.411715e+01 -4.653041e+01 -6.316673e+01 
-5.524053e+01 -5.507329e+01 -5.475049e+01 -5.609319e+01 -5.449080e+01 -5.644632e+01 -5.347346e+01 -5.668674e+01 -4.943450e+01 -6.426885e+01 
-5.535751e+01 -5.516734e+01 -5.472569e+01 -5.630758e+01 -5.456210e+01 -5.644632e+01 -5.299450e+01 -5.442906e+01 -4.885858e+01 -6.756658e+01 
-5.480301e+01 -5.493447e+01 -5.483571e+01 -5.419031e+01 -5.458689e+01 -5.644632e+01 -5.441790e+01 -5.489220e+01 -5.897495e+01 -5.787617e+01 
-5.497162e+01 -5.399350e+01 -5.420542e+01 -6.113811e+01 -5.403965e+01 -5.492652e+01 -5.515202e+01 -5.516874e+01 -1.292779e+01 -4.712319e+01 
-5.450877e+01 -5.498307e+01 -5.474589e+01 -5.240577e+01 -5.524499e+01 -5.566072e+01 -5.379716e+01 -5.632984e+01 -6.868173e+01 -6.183465e+01 
-5.523543e+01 -5.519347e+01 -5.496724e+01 -5.543870e+01 -5.509644e+01 -5.644632e+01 -5.404451e+01 -5.492814e+01 -5.381824e+01 -6.185227e+01 
-5.506300e+01 -5.439580e+01 -5.443686e+01 -5.887008e+01 -5.558423e+01 -5.683810e+01 -5.460790e+01 -5.621733e+01 -2.897198e+01 -5.311840e+01 
-5.471425e+01 -5.445756e+01 -5.443338e+01 -5.603962e+01 -5.553407e+01 -5.683810e+01 -5.433076e+01 -5.666088e+01 -4.569351e+01 -5.519870e+01 
-5.530662e+01 -5.524945e+01 -5.476282e+01 -5.556024e+01 -5.427135e+01 -5.644632e+01 -5.287710e+01 -5.500000e+01 -5.349438e+01 -6.876263e+01 
-5.519378e+01 -5.475258e+01 -5.493963e+01 -5.755483e+01 -5.199536e+01 -5.492652e+01 -5.575147e+01 -5.277775e+01 -3.904153e+01 -4.884130e+01 
-5.447650e+01 -5.501353e+01 -5.485176e+01 -5.212146e+01 -5.484156e+01 -5.566072e+01 -5.419188e+01 -5.527642e+01 -7.032636e+01 -5.978465e+01 
-5.496707e+01 -5.575349e+01 -5.498219e+01 -5.169482e+01 -5.562899e+01 -5.566072e+01 -5.214009e+01 -5.368597e+01 -7.700952e+01 -7.597480e+01 
-5.536724e+01 -5.517862e+01 -5.373021e+01 -5.630812e+01 -5.463798e+01 -5.683810e+01 -4.883808e+01 -5.433156e+01 -4.893083e+01 -8.921548e+01 
-5.519507e+01 -5.552013e+01 -5.474366e+01 -5.373677e+01 -5.352422e+01 -5.566072e+01 -5.188558e+01 -5.410501e+01 -6.511864e+01 -7.582820e+01 
-5.467734e+01 -5.511350e+01 -5.145834e+01 -5.273270e+01 -5.466736e+01 -5.566072e+01 -4.171490e+01 -5.432487e+01 -6.781223e+01 -1.193011e+02 
-5.538668e+01 -5.478487e+01 -5.470752e+01 -5.872617e+01 -5.403106e+01 -5.566072e+01 -5.436100e+01 -5.503121e+01 -3.243634e+01 -5.718578e+01 
-5.415519e+01 -5.435143e+01 -5.403343e+01 -5.323120e+01 -5.478954e+01 -5.605936e+01 -5.274890e+01 -5.475988e+01 -6.038639e+01 -6.352691e+01 
-5.425240e+01 -5.509330e+01 -5.448122e+01 -5.075473e+01 -5.372932e+01 -5.529640e+01 -5.214639e+01 -5.405515e+01 -7.770539e+01 -7.170147e+01 
-5.513723e+01 -5.568632e+01 -5.485865e+01 -5.276501e+01 -5.396678e+01 -5.644632e+01 -5.183342e+01 -5.531799e+01 -7.121049e+01 -7.715869e+01 
-5.574718e+01 -5.502983e+01 -5.493424e+01 -5.983992e+01 -5.398460e+01 -5.644632e+01 -5.452986e+01 -5.461640e+01 -2.744739e+01 -5.789973e+01 
-5.538170e+01 -5.527609e+01 -5.480930e+01 -5.588523e+01 -5.234917e+01 -5.492652e+01 -5.298944e+01 -5.327665e+01 -5.193951e+01 -6.832389e+01 
-5.481646e+01 -5.516152e+01 -5.459293e+01 -5.325872e+01 -5.453497e+01 -5.566072e+01 -5.240938e+01 -5.497666e+01 -6.537623e+01 -7.072919e+01 
-5.532524e+01 -5.520123e+01 -5.494101e+01 -5.593069e+01 -5.399182e+01 -5.605936e+01 -5.388692e+01 -5.469777e+01 -5.118756e+01 -6.280070e+01 
-5.486097e+01 -5.482991e+01 -5.466434e+01 -5.500000e+01 -5.565384e+01 -5.683810e+01 -5.397787e+01 -5.486668e+01 -5.384372e+01 -5.977981e+01 
-5.549180e+01 -5.499095e+01 -5.489829e+01 -5.820420e+01 -5.487460e+01 -5.605936e+01 -5.450631e+01 -5.500000e+01 -3.685321e+01 -5.776657e+01 
-5.477588e+01 -5.494832e+01 -5.456443e+01 -5.397909e+01 -5.468328e+01 -5.605936e+01 -5.304393e+01 -5.484798e+01 -6.019736e+01 -6.583978e+01 
-5.556252e+01 -5.543736e+01 -5.483015e+01 -5.618069e+01 -5.425808e+01 -5.605936e+01 -5.253170e+01 -5.314143e+01 -5.132899e+01 -7.185030e+01 
-5.374925e+01 -5.425238e+01 -5.377969e+01 -5.150041e+01 -5.707228e+01 -5.644632e+01 -5.191347e+01 -5.477634e+01 -6.877019e+01 -6.748903e+01 
-5.546123e+01 -5.527072e+01 -5.497725e+01 -5.640082e+01 -5.539710e+01 -5.644632e+01 -5.379102e+01 -5.468078e+01 -4.902826e+01 -6.381802e+01 
-5.457097e+01 -5.477398e+01 -5.460994e+01 -5.361273e+01 -5.674369e+01 -5.683810e+01 -5.392517e+01 -5.493893e+01 -6.105680e+01 -5.971059e+01 
-5.378108e+01 -5.464274e+01 -5.412241e+01 -5.018683e+01 -5.479363e+01 -5.644632e+01 -5.209614e+01 -5.475779e+01 -7.778370e+01 -6.904411e+01 
-5.629874e+01 -5.587421e+01 -5.582278e+01 -5.852178e+01 -5.451575e+01 -5.566072e+01 -5.559638e+01 -5.748995e+01 -4.090479e+01 -5.742634e+01 
-5.544441e+01 -5.521754e+01 -5.455691e+01 -5.658265e+01 -5.730344e+01 -5.683810e+01 -5.205432e+01 -5.522841e+01 -4.764968e+01 -7.300816e+01 
-5.525143e+01 -5.574369e+01 -5.523990e+01 -5.311611e+01 -5.657417e+01 -5.644632e+01 -5.331770e+01 -5.614767e+01 -6.976213e+01 -6.956407e+01 
-5.565316e+01 -5.546797e+01 -5.521240e+01 -5.657923e+01 -5.606221e+01 -5.605936e+01 -5.419585e+01 -5.720430e+01 -4.930187e+01 -6.282453e+01 
-5.531968e+01 -5.513930e+01 -5.510512e+01 -5.622102e+01 -5.529081e+01 -5.644632e+01 -5.496052e+01 -5.522389e+01 -4.915668e+01 -5.619236e+01 
-5.556686e+01 -5.536263e+01 -5.488338e+01 -5.659408e+01 -5.292359e+01 -5.529640e+01 -5.302901e+01 -5.419619e+01 -4.852596e+01 -6.865174e+01 
-5.471675e+01 -5.463770e+01 -5.459445e+01 -5.510785e+01 -5.452680e+01 -5.566072e+01 -5.439902e+01 -5.410547e+01 -5.205577e+01 -5.595668e+01 
-5.424355e+01 -5.467883e+01 -5.436682e+01 -5.229068e+01 -5.447252e+01 -5.566072e+01 -5.311155e+01 -5.661695e+01 -6.737742e+01 -6.367274e+01 
-5.508794e+01 -5.465547e+01 -5.431803e+01 -5.740821e+01 -5.653264e+01 -5.763631e+01 -5.296570e+01 -5.558243e+01 -3.922223e+01 -6.433418e+01 
-5.489989e+01 -5.459208e+01 -5.444484e+01 -5.650710e+01 -5.446862e+01 -5.529640e+01 -5.383474e+01 -5.359458e+01 -4.394211e+01 -5.898509e+01 
-5.501317e+01 -5.508600e+01 -5.465905e+01 -5.466029e+01 -5.438778e+01 -5.644632e+01 -5.298261e+01 -5.342224e+01 -5.738603e+01 -6.709050e+01 
-5.542203e+01 -5.514441e+01 -5.505813e+01 -5.684114e+01 -5.621119e+01 -5.566072e+01 -5.469308e+01 -5.572035e+01 -4.570081e+01 -5.776605e+01 
-5.467379e+01 -5.528493e+01 -5.447181e+01 -5.202445e+01 -5.529390e+01 -5.605936e+01 -5.145808e+01 -5.493090e+01 -7.251765e+01 -7.659536e+01 
-5.512835e+01 -5.521896e+01 -5.492474e+01 -5.468933e+01 -5.280841e+01 -5.605936e+01 -5.374011e+01 -5.584248e+01 -5.809977e+01 -6.375190e+01 
-5.378066e+01 -5.411901e+01 -5.406663e+01 -5.222223e+01 -5.662627e+01 -5.605936e+01 -5.384435e+01 -5.560346e+01 -6.422774e+01 -5.571880e+01 
-5.570163e+01 -5.529641e+01 -5.399292e+01 -5.781307e+01 -5.621443e+01 -5.644632e+01 -4.950508e+01 -5.460599e+01 -4.117892e+01 -8.667497e+01 
-5.509078e+01 -5.537035e+01 -5.488963e+01 -5.381741e+01 -5.516458e+01 -5.723476e+01 -5.302995e+01 -5.434109e+01 -6.374402e+01 -6.869724e+01 
-5.553555e+01 -5.466695e+01 -5.460523e+01 -6.077028e+01 -5.671663e+01 -5.723476e+01 -5.432984e+01 -5.545985e+01 -1.962417e+01 -5.654081e+01 
-5.489518e+01 -5.466332e+01 -5.454596e+01 -5.608482e+01 -5.580781e+01 -5.605936e+01 -5.405761e+01 -5.497279e+01 -4.679083e+01 -5.818503e+01 
-5.577239e+01 -5.573357e+01 -5.540854e+01 -5.595983e+01 -5.545361e+01 -5.644632e+01 -5.412390e+01 -5.623114e+01 -5.448755e+01 -6.500968e+01 
-5.415195e+01 -5.504402e+01 -5.463110e+01 -5.046994e+01 -5.429320e+01 -5.529640e+01 -5.300583e+01 -5.487969e+01 -7.880671e+01 -6.668346e+01 
-5.435526e+01 -5.548122e+01 -5.528026e+01 -4.990038e+01 -5.401953e+01 -5.566072e+01 -5.445534e+01 -5.517995e+01 -8.415765e+01 -6.137306e+01 
-5.338264e+01 -5.412113e+01 -5.351211e+01 -5.021734e+01 -5.385719e+01 -5.529640e+01 -5.114990e+01 -5.432545e+01 -7.448343e+01 -7.074928e+01 
-5.457826e+01 -5.466303e+01 -5.453124e+01 -5.417243e+01 -5.527261e+01 -5.605936e+01 -5.398421e+01 -5.525219e+01 -5.732906e+01 -5.860597e+01 
-5.470503e+01 -5.492845e+01 -5.456824e+01 -5.366699e+01 -5.453016e+01 -5.605936e+01 -5.313516e+01 -5.407062e+01 -6.173781e+01 -6.520056e+01 
-5.382144e+01 -5.447070e+01 -5.383775e+01 -5.099655e+01 -5.551984e+01 -5.605936e+01 -5.140630e+01 -5.531516e+01 -7.264522e+01 -7.163911e+01 
-5.446689e+01 -5.465426e+01 -5.443823e+01 -5.358738e+01 -5.713474e+01 -5.683810e+01 -5.355455e+01 -5.737040e+01 -6.041565e+01 -6.100545e+01 
-5.526688e+01 -5.478798e+01 -5.469947e+01 -5.786613e+01 -5.480419e+01 -5.605936e+01 -5.432189e+01 -5.527699e+01 -3.747505e+01 -5.751778e+01 
-5.612776e+01 -5.556218e+01 -5.547135e+01 -5.920525e+01 -5.329087e+01 -5.644632e+01 -5.509610e+01 -5.460982e+01 -3.480712e+01 -5.828602e+01 
-5.445175e+01 -5.490263e+01 -5.453697e+01 -5.244022e+01 -5.411188e+01 -5.566072e+01 -5.308225e+01 -5.366485e+01 -6.800540e+01 -6.532578e+01 
-5.509378e+01 -5.514205e+01 -5.479394e+01 -5.485992e+01 -5.239982e+01 -5.529640e+01 -5.341668e+01 -5.417561e+01 -5.668454e+01 -6.504912e+01 
-5.536726e+01 -5.557127e+01 -5.468711e+01 -5.441414e+01 -5.593523e+01 -5.605936e+01 -5.147055e+01 -5.470631e+01 -6.178004e+01 -7.831816e+01 
-5.510905e+01 -5.537938e+01 -5.509641e+01 -5.387673e+01 -5.750436e+01 -5.644632e+01 -5.396620e+01 -5.559267e+01 -6.348691e+01 -6.353284e+01 
-5.540891e+01 -5.477318e+01 -5.437372e+01 -5.896632e+01 -5.545023e+01 -5.683810e+01 -5.278348e+01 -5.478800e+01 -3.094380e+01 -6.614244e+01 
-5.447749e+01 -5.454336e+01 -5.431638e+01 -5.416033e+01 -5.412038e+01 -5.529640e+01 -5.338813e+01 -5.486311e+01 -5.662579e+01 -6.120640e+01 
-5.522242e+01 -5.522083e+01 -5.494579e+01 -5.523010e+01 -5.696067e+01 -5.644632e+01 -5.383360e+01 -5.422990e+01 -5.517378e+01 -6.323644e+01 
-5.545485e+01 -5.551903e+01 -5.500000e+01 -5.514956e+01 -5.625234e+01 -5.644632e+01 -5.299902e+01 -5.439253e+01 -5.753431e+01 -6.984097e+01 
-5.523660e+01 -5.513412e+01 -5.456788e+01 -5.573316e+01 -5.503025e+01 -5.644632e+01 -5.239285e+01 -5.426679e+01 -5.172645e+01 -7.063828e+01 
-5.490827e+01 -5.551224e+01 -5.355383e+01 -5.231265e+01 -5.568730e+01 -5.455107e+01 -4.737532e+01 -5.599995e+01 -7.243818e+01 -9.800894e+01 
-5.585455e+01 -5.549603e+01 -5.555843e+01 -5.771645e+01 -5.444447e+01 -5.605936e+01 -5.582363e+01 -5.421192e+01 -4.303504e+01 -5.356074e+01 
-5.443180e+01 -5.448377e+01 -5.439075e+01 -5.418064e+01 -5.455039e+01 -5.566072e+01 -5.400092e+01 -5.546901e+01 -5.613264e+01 -5.729335e+01 
-5.500960e+01 -5.511969e+01 -5.484510e+01 -5.447622e+01 -5.430386e+01 -5.644632e+01 -5.374323e+01 -5.313758e+01 -5.857119e+01 -6.306045e+01 
-5.571334e+01 -5.520696e+01 -5.513098e+01 -5.843685e+01 -5.366569e+01 -5.605936e+01 -5.480954e+01 -5.411401e+01 -3.695318e+01 -5.753502e+01 
-5.484196e+01 -5.465491e+01 -5.478904e+01 -5.579667e+01 -5.487100e+01 -5.566072e+01 -5.537898e+01 -5.557896e+01 -4.834873e+01 -5.034107e+01 
-5.415281e+01 -5.462113e+01 -5.414809e+01 -5.206133e+01 -5.452678e+01 -5.644632e+01 -5.229190e+01 -5.450633e+01 -6.819720e+01 -6.783527e+01 
-5.492994e+01 -5.443759e+01 -5.451483e+01 -5.761842e+01 -5.315762e+01 -5.605936e+01 -5.484826e+01 -5.360755e+01 -3.656319e+01 -5.201609e+01 
-5.417396e+01 -5.496382e+01 -5.460971e+01 -5.085627e+01 -5.358797e+01 -5.529640e+01 -5.320085e+01 -5.358510e+01 -7.641854e+01 -6.506725e+01 
-5.485632e+01 -5.456486e+01 -5.453730e+01 -5.637629e+01 -5.459515e+01 -5.605936e+01 -5.440805e+01 -5.413902e+01 -4.450231e+01 -5.540830e+01 
-5.559653e+01 -5.511145e+01 -5.497950e+01 -5.820471e+01 -5.489510e+01 -5.723476e+01 -5.442129e+01 -5.500000e+01 -3.765801e+01 -5.906246e+01 
-5.504017e+01 -5.489806e+01 -5.451138e+01 -5.572870e+01 -5.588463e+01 -5.605936e+01 -5.297810e+01 -5.606505e+01 -5.020928e+01 -6.587560e+01 
-5.562790e+01 -5.532552e+01 -5.500447e+01 -5.718305e+01 -5.429036e+01 -5.605936e+01 -5.372720e+01 -5.400924e+01 -4.495142e+01 -6.452144e+01 
-5.533767e+01 -5.575485e+01 -5.505245e+01 -5.349262e+01 -5.435088e+01 -5.683810e+01 -5.243854e+01 -5.556491e+01 -6.787794e+01 -7.439960e+01 
-5.427885e+01 -5.522955e+01 -5.433661e+01 -5.039355e+01 -5.774538e+01 -5.683810e+01 -5.107809e+01 -5.575972e+01 -8.030427e+01 -7.827336e+01 
-5.539318e+01 -5.513119e+01 -5.487521e+01 -5.672869e+01 -5.390063e+01 -5.605936e+01 -5.384287e+01 -5.521122e+01 -4.624849e+01 -6.257397e+01 
-5.220340e+01 -5.547288e+01 -5.488510e+01 -4.220637e+01 -5.326558e+01 -5.492652e+01 -5.265207e+01 -5.440898e+01 -1.166204e+02 -7.142958e+01 
-5.496666e+01 -5.449650e+01 -5.434885e+01 -5.751659e+01 -5.567743e+01 -5.644632e+01 -5.373621e+01 -5.477973e+01 -3.754246e+01 -5.890446e+01 
-5.520402e+01 -5.527924e+01 -5.488281e+01 -5.483957e+01 -5.508443e+01 -5.566072e+01 -5.331407e+01 -5.598219e+01 -5.769538e+01 -6.654850e+01 
-5.433525e+01 -5.461585e+01 -5.427608e+01 -5.304007e+01 -5.503862e+01 -5.644632e+01 -5.291409e+01 -5.585786e+01 -6.307439e+01 -6.435959e+01 
-5.432845e+01 -5.524116e+01 -5.429221e+01 -5.057563e+01 -5.598085e+01 -5.605936e+01 -5.085770e+01 -5.571342e+01 -7.948726e+01 -7.949159e+01 
-5.512010e+01 -5.520707e+01 -5.509815e+01 -5.469875e+01 -5.363967e+01 -5.644632e+01 -5.463736e+01 -5.599897e+01 -5.797182e+01 -5.851462e+01 
-5.478292e+01 -5.489624e+01 -5.478651e+01 -5.425442e+01 -5.611741e+01 -5.492652e+01 -5.433869e+01 -5.452410e+01 -5.838601e+01 -5.814668e+01 
-5.539145e+01 -5.628117e+01 -5.534208e+01 -5.177895e+01 -5.835112e+01 -5.529640e+01 -5.199048e+01 -5.768277e+01 -7.979130e+01 -8.009871e+01 
-5.476062e+01 -5.528939e+01 -5.490474e+01 -5.244677e+01 -5.491840e+01 -5.529640e+01 -5.337773e+01 -5.449029e+01 -7.039919e+01 -6.626303e+01 
-5.508150e+01 -5.505838e+01 -5.472022e+01 -5.519353e+01 -5.568508e+01 -5.723476e+01 -5.337284e+01 -5.414862e+01 -5.431099e+01 -6.473355e+01 
-5.537843e+01 -5.484311e+01 -5.446084e+01 -5.830275e+01 -5.437990e+01 -5.605936e+01 -5.294039e+01 -5.394258e+01 -3.529949e+01 -6.572587e+01 
-5.574832e+01 -5.605434e+01 -5.556725e+01 -5.435908e+01 -5.605118e+01 -5.605936e+01 -5.370116e+01 -5.559535e+01 -6.513685e+01 -6.949197e+01 
-5.536160e+01 -5.473759e+01 -5.469610e+01 -5.884046e+01 -5.383410e+01 -5.566072e+01 -5.449972e+01 -5.398188e+01 -3.145344e+01 -5.609577e+01 
-5.412628e+01 -5.432251e+01 -5.455128e+01 -5.320186e+01 -5.412187e+01 -5.566072e+01 -5.556081e+01 -5.611380e+01 -6.035862e+01 -4.689322e+01 
-5.496330e+01 -5.490510e+01 -5.482098e+01 -5.524529e+01 -5.367754e+01 -5.566072e+01 -5.446510e+01 -5.413508e+01 -5.302848e+01 -5.741480e+01 
-5.429151e+01 -5.435219e+01 -5.424662e+01 -5.399820e+01 -5.401390e+01 -5.644632e+01 -5.380439e+01 -5.371860e+01 -5.627521e+01 -5.753489e+01 
-5.493567e+01 -5.504518e+01 -5.471197e+01 -5.440510e+01 -5.459573e+01 -5.605936e+01 -5.338317e+01 -5.609808e+01 -5.845847e+01 -6.458749e+01 
-5.405179e+01 -5.418755e+01 -5.407805e+01 -5.340343e+01 -5.585709e+01 -5.605936e+01 -5.361858e+01 -5.467975e+01 -5.842351e+01 -5.748963e+01 
-5.471345e+01 -5.417163e+01 -5.425768e+01 -5.772008e+01 -5.505177e+01 -5.763631e+01 -5.462710e+01 -5.358844e+01 -3.420604e+01 -5.146380e+01 
-5.446662e+01 -5.416202e+01 -5.409976e+01 -5.606393e+01 -5.517299e+01 -5.644632e+01 -5.383617e+01 -5.437422e+01 -4.361451e+01 -5.605908e+01 
-5.388572e+01 -5.495128e+01 -5.456783e+01 -4.959798e+01 -5.324772e+01 -5.529640e+01 -5.304909e+01 -5.403576e+01 -8.247861e+01 -6.583059e+01 
-5.406913e+01 -5.457874e+01 -5.425033e+01 -5.180708e+01 -5.500000e+01 -5.683810e+01 -5.293066e+01 -5.556971e+01 -6.923320e+01 -6.402051e+01 
-5.564297e+01 -5.524563e+01 -5.497370e+01 -5.771823e+01 -5.466925e+01 -5.683810e+01 -5.387139e+01 -5.592949e+01 -4.137869e+01 -6.319212e+01 
-5.458822e+01 -5.434240e+01 -5.392983e+01 -5.585664e+01 -5.474615e+01 -5.529640e+01 -5.228819e+01 -5.553748e+01 -4.596519e+01 -6.602535e+01 
-5.542224e+01 -5.541995e+01 -5.497882e+01 -5.542647e+01 -5.517683e+01 -5.605936e+01 -5.326064e+01 -5.514032e+01 -5.534713e+01 -6.775068e+01 
-5.462910e+01 -5.395302e+01 -5.399134e+01 -5.852551e+01 -5.562168e+01 -5.683810e+01 -5.415708e+01 -5.462435e+01 -2.804641e+01 -5.275856e+01 
-5.375932e+01 -5.473177e+01 -5.446458e+01 -4.976725e+01 -5.411980e+01 -5.566072e+01 -5.337038e+01 -5.455057e+01 -8.037993e+01 -6.258969e+01 
-5.463727e+01 -5.444837e+01 -5.418258e+01 -5.558532e+01 -5.488283e+01 -5.644632e+01 -5.310121e+01 -5.465041e+01 -4.810496e+01 -6.219390e+01 
-5.513539e+01 -5.516027e+01 -5.489796e+01 -5.500000e+01 -5.532845e+01 -5.605936e+01 -5.383916e+01 -5.452014e+01 -5.596296e+01 -6.279248e+01 
-5.439734e+01 -5.471886e+01 -5.467399e+01 -5.291207e+01 -5.466299e+01 -5.566072e+01 -5.446021e+01 -5.417160e+01 -6.441879e+01 -5.619244e+01 
-5.519356e+01 -5.537714e+01 -5.486438e+01 -5.433422e+01 -5.359439e+01 -5.605936e+01 -5.289198e+01 -5.535536e+01 -6.094932e+01 -6.949893e+01 
-5.603879e+01 -5.610656e+01 -5.560761e+01 -5.570176e+01 -5.682926e+01 -5.566072e+01 -5.370109e+01 -5.475043e+01 -5.822484e+01 -6.983557e+01 
-5.459819e+01 -5.466529e+01 -5.449479e+01 -5.427578e+01 -5.425420e+01 -5.566072e+01 -5.379192e+01 -5.461970e+01 -5.678426e+01 -5.972504e+01 
-5.486395e+01 -5.491108e+01 -5.457442e+01 -5.463563e+01 -5.587083e+01 -5.644632e+01 -5.322896e+01 -5.471587e+01 -5.638979e+01 -6.456171e+01 
-5.491837e+01 -5.433611e+01 -5.464385e+01 -5.817486e+01 -5.640640e+01 -5.723476e+01 -5.603987e+01 -5.488690e+01 -3.265576e+01 -4.415605e+01 
-5.474210e+01 -5.543808e+01 -5.488744e+01 -5.180242e+01 -5.409672e+01 -5.605936e+01 -5.278245e+01 -5.426179e+01 -7.455123e+01 -7.049496e+01 
-5.416871e+01 -5.517453e+01 -5.467308e+01 -5.009350e+01 -5.344207e+01 -5.347816e+01 -5.272645e+01 -5.694729e+01 -8.142512e+01 -6.908840e+01 
-5.453412e+01 -5.463894e+01 -5.400614e+01 -5.403406e+01 -5.733280e+01 -5.683810e+01 -5.158242e+01 -5.595869e+01 -5.792160e+01 -7.178522e+01 
-5.385259e+01 -5.457249e+01 -5.414711e+01 -5.077666e+01 -5.446737e+01 -5.605936e+01 -5.246412e+01 -5.611268e+01 -7.443854e+01 -6.657001e+01 
-5.507762e+01 -5.464782e+01 -5.476044e+01 -5.738189e+01 -5.356625e+01 -5.566072e+01 -5.526031e+01 -5.380764e+01 -3.932273e+01 -5.101602e+01 
-5.525997e+01 -5.499001e+01 -5.502894e+01 -5.666502e+01 -5.436873e+01 -5.605936e+01 -5.519364e+01 -5.410462e+01 -4.567249e+01 -5.378362e+01 
-5.408328e+01 -5.453034e+01 -5.411922e+01 -5.207645e+01 -5.476700e+01 -5.566072e+01 -5.248790e+01 -5.513428e+01 -6.755425e+01 -6.616122e+01 
-5.477383e+01 -5.460551e+01 -5.456042e+01 -5.562303e+01 -5.645253e+01 -5.566072e+01 -5.435531e+01 -5.500000e+01 -4.891255e+01 -5.598022e+01 
-5.413380e+01 -5.430326e+01 -5.377909e+01 -5.333121e+01 -5.343313e+01 -5.566072e+01 -5.172740e+01 -5.435414e+01 -5.954705e+01 -6.883165e+01 
-5.444256e+01 -5.465922e+01 -5.413845e+01 -5.343132e+01 -5.456825e+01 -5.644632e+01 -5.211112e+01 -5.436960e+01 -6.127839e+01 -6.907014e+01 
-5.409505e+01 -5.481741e+01 -5.429205e+01 -5.100171e+01 -5.510773e+01 -5.605936e+01 -5.224845e+01 -5.580246e+01 -7.474548e+01 -6.936456e+01 
-5.493267e+01 -5.498082e+01 -5.498133e+01 -5.469942e+01 -5.621226e+01 -5.605936e+01 -5.500000e+01 -5.479030e+01 -5.649850e+01 -5.496499e+01 
-5.497163e+01 -5.504833e+01 -5.476157e+01 -5.460003e+01 -5.505043e+01 -5.605936e+01 -5.362060e+01 -5.473606e+01 -5.746045e+01 -6.327263e+01 
-5.493703e+01 -5.541178e+01 -5.498734e+01 -5.284801e+01 -5.505138e+01 -5.566072e+01 -5.332944e+01 -5.483382e+01 -6.907541e+01 -6.731564e+01 
-5.546361e+01 -5.549552e+01 -5.484986e+01 -5.530767e+01 -5.533633e+01 -5.566072e+01 -5.242066e+01 -5.545973e+01 -5.650512e+01 -7.282468e+01 
-5.539286e+01 -5.518553e+01 -5.509776e+01 -5.643131e+01 -5.584537e+01 -5.605936e+01 -5.472647e+01 -5.388843e+01 -4.828610e+01 -5.786069e+01 
-5.551644e+01 -5.521075e+01 -5.489261e+01 -5.708185e+01 -5.493650e+01 -5.644632e+01 -5.361908e+01 -5.423879e+01 -4.478075e+01 -6.437779e+01 
-5.509812e+01 -5.453551e+01 -5.449298e+01 -5.821938e+01 -5.385212e+01 -5.529640e+01 -5.431327e+01 -5.455436e+01 -3.372577e+01 -5.583337e+01 
-5.487383e+01 -5.495279e+01 -5.458724e+01 -5.449123e+01 -5.519299e+01 -5.644632e+01 -5.313520e+01 -5.469776e+01 -5.741670e+01 -6.536091e+01 
-5.483300e+01 -5.474987e+01 -5.470752e+01 -5.523582e+01 -5.603926e+01 -5.683810e+01 -5.450906e+01 -5.494888e+01 -5.208787e+01 -5.612525e+01 
-5.536819e+01 -5.569262e+01 -5.535507e+01 -5.390777e+01 -5.391727e+01 -5.529640e+01 -5.402296e+01 -5.416189e+01 -6.530768e+01 -6.530466e+01 
-5.456865e+01 -5.465321e+01 -5.452636e+01 -5.416371e+01 -5.621885e+01 -5.605936e+01 -5.399934e+01 -5.596192e+01 -5.731310e+01 -5.845230e+01 
-5.508431e+01 -5.500468e+01 -5.446221e+01 -5.547011e+01 -5.609032e+01 -5.683810e+01 -5.236923e+01 -5.710739e+01 -5.240025e+01 -6.991895e+01 
-5.513721e+01 -5.550732e+01 -5.504338e+01 -5.348442e+01 -5.365117e+01 -5.529640e+01 -5.324558e+01 -5.551779e+01 -6.636417e+01 -6.840901e+01 
-5.504794e+01 -5.505635e+01 -5.463344e+01 -5.500000e+01 -5.481118e+01 -5.605936e+01 -5.297165e+01 -5.550916e+01 -5.532633e+01 -6.695448e+01 
-5.517918e+01 -5.479077e+01 -5.438963e+01 -5.723318e+01 -5.560193e+01 -5.644632e+01 -5.279486e+01 -5.586392e+01 -4.113637e+01 -6.619329e+01 
-5.502008e+01 -5.482759e+01 -5.486297e+01 -5.598738e+01 -5.665781e+01 -5.529640e+01 -5.500000e+01 -5.391634e+01 -4.842277e+01 -5.374866e+01 
-5.459738e+01 -5.463177e+01 -5.415321e+01 -5.441909e+01 -5.508188e+01 -5.605936e+01 -5.227727e+01 -5.577583e+01 -5.572580e+01 -6.798501e+01 
-5.483414e+01 -5.522845e+01 -5.496389e+01 -5.306492e+01 -5.358834e+01 -5.566072e+01 -5.389105e+01 -5.422705e+01 -6.681777e+01 -6.296328e+01 
-5.488472e+01 -5.440191e+01 -5.419526e+01 -5.751916e+01 -5.443861e+01 -5.644632e+01 -5.334544e+01 -5.520925e+01 -3.689909e+01 -6.049922e+01 
-5.515597e+01 -5.522498e+01 -5.478674e+01 -5.482161e+01 -5.465206e+01 -5.644632e+01 -5.307465e+01 -5.459574e+01 -5.743409e+01 -6.750991e+01 
-5.569903e+01 -5.536422e+01 -5.492090e+01 -5.743239e+01 -5.515507e+01 -5.605936e+01 -5.319447e+01 -5.590739e+01 -4.378650e+01 -6.774961e+01 
-5.524028e+01 -5.516304e+01 -5.497889e+01 -5.561451e+01 -5.376866e+01 -5.566072e+01 -5.422249e+01 -5.378678e+01 -5.260836e+01 -6.062740e+01 
-5.538744e+01 -5.536465e+01 -5.501853e+01 -5.548881e+01 -5.414607e+01 -5.605936e+01 -5.364813e+01 -5.554765e+01 -5.463395e+01 -6.522602e+01 
-5.499337e+01 -5.504192e+01 -5.460675e+01 -5.475811e+01 -5.316460e+01 -5.492652e+01 -5.290001e+01 -5.517242e+01 -5.657984e+01 -6.725510e+01 
-5.593619e+01 -5.519176e+01 -5.541832e+01 -6.021618e+01 -5.622119e+01 -5.605936e+01 -5.640898e+01 -5.374546e+01 -2.645510e+01 -4.794168e+01 
-5.419981e+01 -5.446552e+01 -5.423461e+01 -5.296700e+01 -5.714347e+01 -5.605936e+01 -5.328981e+01 -5.600953e+01 -6.250907e+01 -6.124209e+01 
-5.425544e+01 -5.464361e+01 -5.437771e+01 -5.249870e+01 -5.631731e+01 -5.605936e+01 -5.329912e+01 -5.679482e+01 -6.608079e+01 -6.238175e+01 
-5.514844e+01 -5.540006e+01 -5.507430e+01 -5.400032e+01 -5.618611e+01 -5.683810e+01 -5.378188e+01 -5.467123e+01 -6.296187e+01 -6.471066e+01 
-5.500611e+01 -5.558989e+01 -5.484050e+01 -5.249039e+01 -5.660522e+01 -5.529640e+01 -5.206768e+01 -5.555865e+01 -7.201498e+01 -7.531257e+01 
-5.435555e+01 -5.490566e+01 -5.458395e+01 -5.194231e+01 -5.475289e+01 -5.566072e+01 -5.329473e+01 -5.441656e+01 -7.057237e+01 -6.415730e+01 
-5.494405e+01 -5.529977e+01 -5.502201e+01 -5.332584e+01 -5.487524e+01 -5.529640e+01 -5.389317e+01 -5.414710e+01 -6.591345e+01 -6.344022e+01 
-5.450620e+01 -5.470271e+01 -5.425318e+01 -5.356887e+01 -5.524020e+01 -5.605936e+01 -5.247116e+01 -5.542078e+01 -6.084723e+01 -6.741239e+01 
-5.453061e+01 -5.479136e+01 -5.481428e+01 -5.331775e+01 -5.353476e+01 -5.566072e+01 -5.491124e+01 -5.449089e+01 -6.273110e+01 -5.409872e+01 
-5.503784e+01 -5.509742e+01 -5.487380e+01 -5.474916e+01 -5.262576e+01 -5.605936e+01 -5.396793e+01 -5.322416e+01 -5.698774e+01 -6.163410e+01 
-5.507820e+01 -5.532743e+01 -5.457826e+01 -5.393553e+01 -5.580908e+01 -5.644632e+01 -5.178948e+01 -5.489437e+01 -6.284469e+01 -7.510508e+01 
-5.450751e+01 -5.491896e+01 -5.438132e+01 -5.266026e+01 -5.379221e+01 -5.566072e+01 -5.230156e+01 -5.484003e+01 -6.696875e+01 -6.973013e+01 
-5.557402e+01 -5.500536e+01 -5.488837e+01 -5.870338e+01 -5.500000e+01 -5.605936e+01 -5.439345e+01 -5.492654e+01 -3.403209e+01 -5.849237e+01 
-5.449117e+01 -5.472258e+01 -5.437800e+01 -5.340031e+01 -5.512020e+01 -5.644632e+01 -5.298755e+01 -5.380974e+01 -6.186669e+01 -6.467972e+01 
-5.405248e+01 -5.469267e+01 -5.448410e+01 -5.127499e+01 -5.335617e+01 -5.492652e+01 -5.363035e+01 -5.291788e+01 -7.261887e+01 -6.083214e+01 
-5.506803e+01 -5.510941e+01 -5.482271e+01 -5.486753e+01 -5.632710e+01 -5.644632e+01 -5.367623e+01 -5.688896e+01 -5.643047e+01 -6.336967e+01 
-5.419594e+01 -5.455090e+01 -5.424075e+01 -5.257754e+01 -5.488552e+01 -5.723476e+01 -5.299015e+01 -5.530470e+01 -6.508917e+01 -6.350222e+01 
-5.535737e+01 -5.552293e+01 -5.515129e+01 -5.458122e+01 -5.376917e+01 -5.605936e+01 -5.369403e+01 -5.420047e+01 -6.060581e+01 -6.602071e+01 
-5.536339e+01 -5.469956e+01 -5.452715e+01 -5.912506e+01 -5.379366e+01 -5.566072e+01 -5.381706e+01 -5.336381e+01 -2.949610e+01 -5.981241e+01 
-5.480180e+01 -5.460620e+01 -5.444667e+01 -5.580627e+01 -5.352147e+01 -5.605936e+01 -5.378717e+01 -5.267423e+01 -4.797621e+01 -5.935357e+01 
-5.475245e+01 -5.501031e+01 -5.459862e+01 -5.357867e+01 -5.602271e+01 -5.644632e+01 -5.297734e+01 -5.522279e+01 -6.272546e+01 -6.661835e+01 
-5.545317e+01 -5.473185e+01 -5.524873e+01 -5.957635e+01 -5.559526e+01 -5.644632e+01 -5.768448e+01 -5.532094e+01 -2.704662e+01 -3.680708e+01 
-5.516298e+01 -5.508971e+01 -5.479832e+01 -5.551796e+01 -5.614686e+01 -5.683810e+01 -5.363615e+01 -5.583215e+01 -5.268193e+01 -6.346307e+01 
-5.451889e+01 -5.459144e+01 -5.398931e+01 -5.417027e+01 -5.445053e+01 -5.605936e+01 -5.167083e+01 -5.520733e+01 -5.688094e+01 -7.100597e+01 
-5.550444e+01 -5.539238e+01 -5.509074e+01 -5.605680e+01 -5.519410e+01 -5.723476e+01 -5.388966e+01 -5.500000e+01 -5.172403e+01 -6.405221e+01 
-5.452307e+01 -5.489494e+01 -5.444122e+01 -5.284025e+01 -5.310203e+01 -5.492652e+01 -5.266146e+01 -5.319212e+01 -6.588339e+01 -6.760636e+01 
-5.425996e+01 -5.439064e+01 -5.428457e+01 -5.363723e+01 -5.521784e+01 -5.529640e+01 -5.384048e+01 -5.435864e+01 -5.846708e+01 -5.758756e+01 
-5.509208e+01 -5.490112e+01 -5.475569e+01 -5.605701e+01 -5.500000e+01 -5.644632e+01 -5.416651e+01 -5.561877e+01 -4.850955e+01 -5.917265e+01 
-5.494521e+01 -5.493692e+01 -5.485929e+01 -5.500000e+01 -5.402950e+01 -5.605936e+01 -5.453088e+01 -5.397487e+01 -5.467283e+01 -5.726198e+01 
-5.422137e+01 -5.454233e+01 -5.427582e+01 -5.274894e+01 -5.544040e+01 -5.644632e+01 -5.319318e+01 -5.482522e+01 -6.413984e+01 -6.230286e+01 
-5.407761e+01 -5.407322e+01 -5.384660e+01 -5.409919e+01 -5.613415e+01 -5.529640e+01 -5.291322e+01 -5.750098e+01 -5.393204e+01 -6.074653e+01 
-5.462481e+01 -5.496018e+01 -5.460810e+01 -5.310039e+01 -5.349229e+01 -5.566072e+01 -5.320675e+01 -5.413205e+01 -6.493089e+01 -6.501018e+01 
-5.487401e+01 -5.475532e+01 -5.466450e+01 -5.544904e+01 -5.515285e+01 -5.605936e+01 -5.427456e+01 -5.473620e+01 -5.091361e+01 -5.757407e+01 
-5.502583e+01 -5.495576e+01 -5.461566e+01 -5.536530e+01 -5.410275e+01 -5.644632e+01 -5.325912e+01 -5.602293e+01 -5.267930e+01 -6.468803e+01 
-5.403100e+01 -5.500000e+01 -5.452103e+01 -5.007798e+01 -5.549353e+01 -5.605936e+01 -5.265568e+01 -5.643694e+01 -8.045161e+01 -6.832240e+01 
-5.437953e+01 -5.478215e+01 -5.429987e+01 -5.255753e+01 -5.660197e+01 -5.644632e+01 -5.240759e+01 -5.755877e+01 -6.665619e+01 -6.827017e+01 
-5.549063e+01 -5.566837e+01 -5.518180e+01 -5.466385e+01 -5.667830e+01 -5.723476e+01 -5.331371e+01 -5.382985e+01 -6.110484e+01 -6.909174e+01 
-5.486146e+01 -5.458409e+01 -5.443704e+01 -5.630268e+01 -5.891800e+01 -5.723476e+01 -5.382760e+01 -5.770096e+01 -4.504435e+01 -5.897206e+01 
-5.457144e+01 -5.501699e+01 -5.456948e+01 -5.258731e+01 -5.473153e+01 -5.566072e+01 -5.281737e+01 -5.404085e+01 -6.795758e+01 -6.754674e+01 
-5.447558e+01 -5.498768e+01 -5.440032e+01 -5.221960e+01 -5.576120e+01 -5.605936e+01 -5.214884e+01 -5.495746e+01 -6.966504e+01 -7.100170e+01 
-5.552051e+01 -5.554576e+01 -5.508310e+01 -5.539407e+01 -5.288444e+01 -5.566072e+01 -5.329190e+01 -5.379576e+01 -5.634548e+01 -6.840622e+01 
-5.502153e+01 -5.442607e+01 -5.460797e+01 -5.835554e+01 -5.558820e+01 -5.605936e+01 -5.540524e+01 -5.665705e+01 -3.219978e+01 -4.858670e+01 
-5.515320e+01 -5.484603e+01 -5.491924e+01 -5.674827e+01 -5.485738e+01 -5.683810e+01 -5.522895e+01 -5.620276e+01 -4.425824e+01 -5.258484e+01 
-5.458449e+01 -5.451645e+01 -5.424038e+01 -5.492113e+01 -5.619866e+01 -5.723476e+01 -5.312027e+01 -5.565815e+01 -5.229783e+01 -6.254116e+01 
-5.543450e+01 -5.593449e+01 -5.536876e+01 -5.326104e+01 -5.287056e+01 -5.605936e+01 -5.322455e+01 -5.409626e+01 -7.020421e+01 -7.132164e+01 
-5.472451e+01 -5.458707e+01 -5.452651e+01 -5.540817e+01 -5.384814e+01 -5.492652e+01 -5.427160e+01 -5.491694e+01 -5.003330e+01 -5.642762e+01 
-5.448983e+01 -5.472591e+01 -5.430334e+01 -5.337867e+01 -5.451457e+01 -5.566072e+01 -5.262283e+01 -5.439946e+01 -6.200218e+01 -6.672596e+01 
-5.412331e+01 -5.446370e+01 -5.447755e+01 -5.256510e+01 -5.388904e+01 -5.605936e+01 -5.452879e+01 -5.453044e+01 -6.460613e+01 -5.403537e+01 
-5.472414e+01 -5.493942e+01 -5.446656e+01 -5.372278e+01 -5.396481e+01 -5.683810e+01 -5.261988e+01 -5.448154e+01 -6.151018e+01 -6.812469e+01 
-5.463011e+01 -5.485166e+01 -5.486100e+01 -5.359581e+01 -5.639870e+01 -5.644632e+01 -5.490051e+01 -5.640897e+01 -6.163296e+01 -5.456945e+01 
-5.458873e+01 -5.453314e+01 -5.432425e+01 -5.486250e+01 -5.526544e+01 -5.566072e+01 -5.346722e+01 -5.460216e+01 -5.272578e+01 -6.068828e+01 
-5.536411e+01 -5.524173e+01 -5.495629e+01 -5.595674e+01 -5.469476e+01 -5.566072e+01 -5.380292e+01 -5.413163e+01 -5.131273e+01 -6.355266e+01 
-5.605969e+01 -5.526356e+01 -5.542297e+01 -6.068866e+01 -5.472939e+01 -5.605936e+01 -5.610143e+01 -5.527197e+01 -2.414445e+01 -5.030913e+01 
-5.520107e+01 -5.492101e+01 -5.448762e+01 -5.665379e+01 -5.385161e+01 -5.644632e+01 -5.278352e+01 -5.494576e+01 -4.528284e+01 -6.710368e+01 
-5.453406e+01 -5.464026e+01 -5.492646e+01 -5.402757e+01 -5.531605e+01 -5.566072e+01 -5.621465e+01 -5.468765e+01 -5.796504e+01 -4.523311e+01 
-5.477147e+01 -5.572796e+01 -5.508033e+01 -5.091271e+01 -5.387305e+01 -5.605936e+01 -5.265023e+01 -5.412016e+01 -8.074150e+01 -7.309196e+01 
-5.516010e+01 -5.462799e+01 -5.473837e+01 -5.809053e+01 -5.371586e+01 -5.566072e+01 -5.523144e+01 -5.364580e+01 -3.509349e+01 -5.105348e+01 
-5.524025e+01 -5.551973e+01 -5.514149e+01 -5.398164e+01 -5.365978e+01 -5.566072e+01 -5.365923e+01 -5.489893e+01 -6.382126e+01 -6.619399e+01 
-5.610400e+01 -5.560151e+01 -5.550400e+01 -5.879606e+01 -5.608982e+01 -5.763631e+01 -5.510187e+01 -5.537062e+01 -3.747945e+01 -5.852060e+01 
-5.536451e+01 -5.546512e+01 -5.516539e+01 -5.488976e+01 -5.489425e+01 -5.566072e+01 -5.397670e+01 -5.455313e+01 -5.860029e+01 -6.404698e+01 
-5.525372e+01 -5.512362e+01 -5.508634e+01 -5.591382e+01 -5.543733e+01 -5.529640e+01 -5.492862e+01 -5.439885e+01 -5.076683e+01 -5.626942e+01 
-5.571667e+01 -5.556121e+01 -5.514689e+01 -5.648797e+01 -5.486258e+01 -5.605936e+01 -5.353373e+01 -5.474459e+01 -5.042573e+01 -6.716814e+01 
-5.506941e+01 -5.497552e+01 -5.471130e+01 -5.552433e+01 -5.257517e+01 -5.566072e+01 -5.364438e+01 -5.443228e+01 -5.189960e+01 -6.265068e+01 
-5.504605e+01 -5.496943e+01 -5.475356e+01 -5.541729e+01 -5.492804e+01 -5.644632e+01 -5.388710e+01 -5.638567e+01 -5.247256e+01 -6.123115e+01 
-5.488941e+01 -5.548652e+01 -5.478414e+01 -5.232006e+01 -5.505683e+01 -5.529640e+01 -5.216730e+01 -5.509521e+01 -7.224180e+01 -7.412174e+01 
-5.528368e+01 -5.535975e+01 -5.494968e+01 -5.492256e+01 -5.364533e+01 -5.529640e+01 -5.334339e+01 -5.497460e+01 -5.774478e+01 -6.689457e+01 
-5.416218e+01 -5.458192e+01 -5.385897e+01 -5.227088e+01 -5.510398e+01 -5.566072e+01 -5.112210e+01 -5.487367e+01 -6.687442e+01 -7.385430e+01 
-5.487609e+01 -5.483985e+01 -5.450854e+01 -5.505167e+01 -5.435932e+01 -5.605936e+01 -5.317891e+01 -5.436771e+01 -5.368606e+01 -6.437368e+01 
-5.465131e+01 -5.504202e+01 -5.474824e+01 -5.289512e+01 -5.552425e+01 -5.605936e+01 -5.358174e+01 -5.571594e+01 -6.651820e+01 -6.344963e+01 
-5.385846e+01 -5.451116e+01 -5.419847e+01 -5.102229e+01 -5.571242e+01 -5.605936e+01 -5.293737e+01 -5.524072e+01 -7.276503e+01 -6.353372e+01 
-5.491754e+01 -5.483948e+01 -5.468422e+01 -5.529574e+01 -5.598916e+01 -5.683810e+01 -5.403959e+01 -5.465065e+01 -5.232313e+01 -5.948952e+01 
-5.552108e+01 -5.462652e+01 -5.469677e+01 -6.095804e+01 -5.406323e+01 -5.644632e+01 -5.500000e+01 -5.471669e+01 -1.823457e+01 -5.243060e+01 
-5.424361e+01 -5.445599e+01 -5.414777e+01 -5.324828e+01 -5.484032e+01 -5.529640e+01 -5.290277e+01 -5.523367e+01 -6.095991e+01 -6.336056e+01 
-5.458636e+01 -5.455837e+01 -5.472615e+01 -5.472093e+01 -5.508849e+01 -5.644632e+01 -5.545593e+01 -5.454280e+01 -5.365426e+01 -4.919454e+01 
-5.511757e+01 -5.529371e+01 -5.472850e+01 -5.428313e+01 -5.491243e+01 -5.644632e+01 -5.256585e+01 -5.437835e+01 -6.079841e+01 -7.075782e+01 
-5.405288e+01 -5.454424e+01 -5.422353e+01 -5.186394e+01 -5.670584e+01 -5.683810e+01 -5.293247e+01 -5.527689e+01 -6.872935e+01 -6.378114e+01 
-5.414040e+01 -5.442423e+01 -5.439696e+01 -5.282701e+01 -5.505468e+01 -5.644632e+01 -5.428124e+01 -5.484185e+01 -6.298539e+01 -5.525971e+01 
-5.512296e+01 -5.519954e+01 -5.517974e+01 -5.475190e+01 -5.495837e+01 -5.566072e+01 -5.509598e+01 -5.485431e+01 -5.763986e+01 -5.581731e+01 
-5.542959e+01 -5.539932e+01 -5.502627e+01 -5.556430e+01 -5.406433e+01 -5.644632e+01 -5.355666e+01 -5.362564e+01 -5.442735e+01 -6.596829e+01 
-5.495410e+01 -5.507141e+01 -5.497673e+01 -5.438570e+01 -5.563773e+01 -5.644632e+01 -5.457617e+01 -5.410527e+01 -5.872807e+01 -5.792431e+01 
-5.491781e+01 -5.470166e+01 -5.443145e+01 -5.602136e+01 -5.475496e+01 -5.605936e+01 -5.333709e+01 -5.443054e+01 -4.739831e+01 -6.255548e+01 
-5.557136e+01 -5.517003e+01 -5.530130e+01 -5.768052e+01 -5.430911e+01 -5.566072e+01 -5.586350e+01 -5.532582e+01 -4.108356e+01 -5.106974e+01 
-5.531098e+01 -5.526082e+01 -5.529756e+01 -5.552997e+01 -5.513428e+01 -5.605936e+01 -5.543334e+01 -5.593894e+01 -5.374385e+01 -5.422407e+01 
-5.463942e+01 -5.423696e+01 -5.432081e+01 -5.679614e+01 -5.695171e+01 -5.723476e+01 -5.468151e+01 -5.553769e+01 -3.995434e+01 -5.160084e+01 
-5.474564e+01 -5.465082e+01 -5.412935e+01 -5.523140e+01 -5.372287e+01 -5.605936e+01 -5.209924e+01 -5.277630e+01 -5.145072e+01 -6.907989e+01 
-5.402304e+01 -5.424401e+01 -5.425093e+01 -5.298562e+01 -5.456589e+01 -5.605936e+01 -5.428055e+01 -5.459766e+01 -6.100796e+01 -5.403030e+01 
-5.484134e+01 -5.465836e+01 -5.475164e+01 -5.577457e+01 -5.414075e+01 -5.605936e+01 -5.516826e+01 -5.446588e+01 -4.849465e+01 -5.164483e+01 
-5.529297e+01 -5.515327e+01 -5.470421e+01 -5.598288e+01 -5.634410e+01 -5.683810e+01 -5.294646e+01 -5.517265e+01 -5.057880e+01 -6.773786e+01 
-5.496681e+01 -5.543568e+01 -5.481810e+01 -5.290171e+01 -5.534200e+01 -5.605936e+01 -5.248467e+01 -5.635152e+01 -6.894729e+01 -7.209324e+01 
-5.510765e+01 -5.536228e+01 -5.504442e+01 -5.394327e+01 -5.347568e+01 -5.605936e+01 -5.378027e+01 -5.462535e+01 -6.302503e+01 -6.446787e+01 
-5.502509e+01 -5.528460e+01 -5.478501e+01 -5.381966e+01 -5.620426e+01 -5.566072e+01 -5.284913e+01 -5.555791e+01 -6.321118e+01 -6.915186e+01 
-5.426408e+01 -5.511012e+01 -5.447901e+01 -5.074828e+01 -5.509655e+01 -5.492652e+01 -5.207859e+01 -5.501703e+01 -7.783951e+01 -7.217532e+01 
-5.498282e+01 -5.493382e+01 -5.500000e+01 -5.522022e+01 -5.456297e+01 -5.605936e+01 -5.528661e+01 -5.451724e+01 -5.335413e+01 -5.283771e+01 
-5.495867e+01 -5.468383e+01 -5.456497e+01 -5.637888e+01 -5.500000e+01 -5.683810e+01 -5.407064e+01 -5.526517e+01 -4.527103e+01 -5.824901e+01 
-5.546939e+01 -5.512275e+01 -5.507807e+01 -5.727247e+01 -5.445000e+01 -5.723476e+01 -5.488906e+01 -5.318888e+01 -4.310373e+01 -5.649286e+01 
-5.453060e+01 -5.433337e+01 -5.413861e+01 -5.552711e+01 -5.585461e+01 -5.644632e+01 -5.333519e+01 -5.539230e+01 -4.769127e+01 -6.009688e+01 
-5.516404e+01 -5.488959e+01 -5.450162e+01 -5.658153e+01 -5.650229e+01 -5.605936e+01 -5.296311e+01 -5.686146e+01 -4.548585e+01 -6.590341e+01 
-5.541775e+01 -5.497412e+01 -5.500000e+01 -5.778853e+01 -5.325197e+01 -5.566072e+01 -5.511218e+01 -5.268181e+01 -3.914990e+01 -5.415992e+01 
-5.509727e+01 -5.479167e+01 -5.484123e+01 -5.667622e+01 -5.367006e+01 -5.644632e+01 -5.505086e+01 -5.375662e+01 -4.431344e+01 -5.327938e+01 
-5.568062e+01 -5.554414e+01 -5.496194e+01 -5.635521e+01 -5.423615e+01 -5.845407e+01 -5.274841e+01 -5.392887e+01 -5.105541e+01 -7.137032e+01 
-5.489157e+01 -5.511744e+01 -5.454143e+01 -5.384675e+01 -5.543905e+01 -5.644632e+01 -5.233223e+01 -5.576652e+01 -6.198554e+01 -7.085697e+01 
-5.486543e+01 -5.518691e+01 -5.494513e+01 -5.340351e+01 -5.406837e+01 -5.605936e+01 -5.396282e+01 -5.404785e+01 -6.477827e+01 -6.227218e+01 
-5.541985e+01 -5.582492e+01 -5.505186e+01 -5.362644e+01 -5.447850e+01 -5.605936e+01 -5.220767e+01 -5.597032e+01 -6.761954e+01 -7.607378e+01 
-5.574600e+01 -5.506619e+01 -5.490355e+01 -5.958459e+01 -5.402413e+01 -5.566072e+01 -5.423731e+01 -5.578302e+01 -2.922222e+01 -5.988120e+01 
-5.448839e+01 -5.461190e+01 -5.436220e+01 -5.390106e+01 -5.445379e+01 -5.605936e+01 -5.334602e+01 -5.359276e+01 -5.846466e+01 -6.190448e+01 
-5.483908e+01 -5.524434e+01 -5.463124e+01 -5.302307e+01 -5.357845e+01 -5.529640e+01 -5.229076e+01 -5.390890e+01 -6.713752e+01 -7.191676e+01 
-5.431327e+01 -5.442888e+01 -5.426540e+01 -5.376108e+01 -5.536630e+01 -5.605936e+01 -5.358831e+01 -5.468129e+01 -5.804619e+01 -5.929541e+01 
-5.470515e+01 -5.476775e+01 -5.440712e+01 -5.437992e+01 -5.359118e+01 -5.566072e+01 -5.296100e+01 -5.471130e+01 -5.682044e+01 -6.512076e+01 
-5.430094e+01 -5.478703e+01 -5.483198e+01 -5.213482e+01 -5.368957e+01 -5.605936e+01 -5.502217e+01 -5.447694e+01 -6.886464e+01 -5.341766e+01 
-5.514164e+01 -5.520083e+01 -5.477240e+01 -5.485488e+01 -5.438852e+01 -5.644632e+01 -5.309830e+01 -5.503357e+01 -5.709671e+01 -6.721690e+01 
-5.471646e+01 -5.513627e+01 -5.509872e+01 -5.283895e+01 -5.466851e+01 -5.492652e+01 -5.493988e+01 -5.500000e+01 -6.740559e+01 -5.629156e+01 
-5.508974e+01 -5.499469e+01 -5.492697e+01 -5.555027e+01 -5.475060e+01 -5.644632e+01 -5.464047e+01 -5.376373e+01 -5.187486e+01 -5.703682e+01 
-5.515912e+01 -5.488480e+01 -5.471133e+01 -5.657525e+01 -5.480222e+01 -5.644632e+01 -5.399656e+01 -5.540758e+01 -4.549008e+01 -6.003885e+01 
-5.437895e+01 -5.483264e+01 -5.478922e+01 -5.235018e+01 -5.464790e+01 -5.529640e+01 -5.460555e+01 -5.469178e+01 -6.803789e+01 -5.613607e+01 
-5.517846e+01 -5.488209e+01 -5.450351e+01 -5.671754e+01 -5.296948e+01 -5.644632e+01 -5.299940e+01 -5.384436e+01 -4.466753e+01 -6.565253e+01 
-5.489780e+01 -5.534223e+01 -5.460401e+01 -5.293114e+01 -5.531285e+01 -5.605936e+01 -5.185236e+01 -5.475647e+01 -6.821113e+01 -7.486771e+01 
-5.424972e+01 -5.434032e+01 -5.392057e+01 -5.381428e+01 -5.469265e+01 -5.644632e+01 -5.225217e+01 -5.459681e+01 -5.719262e+01 -6.620998e+01 
-5.575907e+01 -5.543972e+01 -5.531172e+01 -5.740455e+01 -5.532899e+01 -5.605936e+01 -5.478430e+01 -5.620963e+01 -4.444588e+01 -5.925150e+01 
-5.522202e+01 -5.518206e+01 -5.518771e+01 -5.541564e+01 -5.661071e+01 -5.605936e+01 -5.521160e+01 -5.592480e+01 -5.387386e+01 -5.500882e+01 
-5.447240e+01 -5.479175e+01 -5.440325e+01 -5.300479e+01 -5.454889e+01 -5.566072e+01 -5.285541e+01 -5.546837e+01 -6.438222e+01 -6.586380e+01 
-5.454411e+01 -5.539817e+01 -5.477321e+01 -5.100289e+01 -5.165849e+01 -5.529640e+01 -5.241645e+01 -5.284833e+01 -7.825085e+01 -7.221805e+01 
-5.466082e+01 -5.479492e+01 -5.461760e+01 -5.401784e+01 -5.403104e+01 -5.529640e+01 -5.388161e+01 -5.371156e+01 -5.901983e+01 -6.009876e+01 
-5.438312e+01 -5.482125e+01 -5.446799e+01 -5.241745e+01 -5.242910e+01 -5.605936e+01 -5.305427e+01 -5.573284e+01 -6.762105e+01 -6.494887e+01 
-5.480729e+01 -5.460980e+01 -5.463290e+01 -5.582118e+01 -5.500000e+01 -5.605936e+01 -5.472896e+01 -5.527584e+01 -4.791640e+01 -5.389491e+01 
-5.475888e+01 -5.499389e+01 -5.460724e+01 -5.368482e+01 -5.600947e+01 -5.605936e+01 -5.307800e+01 -5.620207e+01 -6.205759e+01 -6.595099e+01 
-5.535262e+01 -5.547770e+01 -5.497325e+01 -5.476397e+01 -5.445178e+01 -5.605936e+01 -5.302993e+01 -5.688330e+01 -5.935357e+01 -6.940109e+01 
-5.538863e+01 -5.603914e+01 -5.501191e+01 -5.263595e+01 -5.598820e+01 -5.644632e+01 -5.137505e+01 -5.589886e+01 -7.404909e+01 -8.173869e+01 
-5.478419e+01 -5.453845e+01 -5.440878e+01 -5.606099e+01 -5.610341e+01 -5.644632e+01 -5.386939e+01 -5.510503e+01 -4.610471e+01 -5.842292e+01 
-5.574403e+01 -5.559823e+01 -5.506385e+01 -5.646548e+01 -5.468702e+01 -5.804275e+01 -5.301922e+01 -5.467826e+01 -5.079430e+01 -7.024815e+01 
-5.482031e+01 -5.476345e+01 -5.449552e+01 -5.509579e+01 -5.541379e+01 -5.683810e+01 -5.340164e+01 -5.594599e+01 -5.295513e+01 -6.262035e+01 
-5.431535e+01 -5.507590e+01 -5.440234e+01 -5.109775e+01 -5.470936e+01 -5.644632e+01 -5.185600e+01 -5.416250e+01 -7.583765e+01 -7.314242e+01 
-5.440289e+01 -5.425984e+01 -5.457327e+01 -5.512485e+01 -5.325623e+01 -5.644632e+01 -5.599839e+01 -5.550157e+01 -4.950258e+01 -4.387168e+01 
-5.503779e+01 -5.558093e+01 -5.494029e+01 -5.268128e+01 -5.436679e+01 -5.566072e+01 -5.252787e+01 -5.439433e+01 -7.098510e+01 -7.280012e+01 
-5.476673e+01 -5.537508e+01 -5.420732e+01 -5.215754e+01 -5.395936e+01 -5.644632e+01 -5.012650e+01 -5.470512e+01 -7.237786e+01 -8.403315e+01 
-5.464361e+01 -5.506607e+01 -5.452187e+01 -5.275556e+01 -5.415674e+01 -5.605936e+01 -5.242413e+01 -5.393792e+01 -6.739477e+01 -7.002179e+01 
-5.518760e+01 -5.500000e+01 -5.465053e+01 -5.612478e+01 -5.754384e+01 -5.683810e+01 -5.324727e+01 -5.600906e+01 -4.879842e+01 -6.507032e+01 
-5.506699e+01 -5.504018e+01 -5.508518e+01 -5.519688e+01 -5.370451e+01 -5.529640e+01 -5.527554e+01 -5.452990e+01 -5.417381e+01 -5.363812e+01 
-5.531095e+01 -5.548195e+01 -5.494457e+01 -5.450747e+01 -5.380519e+01 -5.566072e+01 -5.288560e+01 -5.418919e+01 -6.072717e+01 -7.021869e+01 
-5.525879e+01 -5.443851e+01 -5.456558e+01 -6.014730e+01 -5.390676e+01 -5.644632e+01 -5.512022e+01 -5.378662e+01 -2.162361e+01 -5.041052e+01 
-5.437252e+01 -5.478848e+01 -5.439976e+01 -5.249553e+01 -5.386644e+01 -5.566072e+01 -5.285079e+01 -5.374644e+01 -6.701628e+01 -6.586824e+01 
-5.473551e+01 -5.488271e+01 -5.457761e+01 -5.405545e+01 -5.479903e+01 -5.683810e+01 -5.335024e+01 -5.487634e+01 -5.937163e+01 -6.369396e+01 
-5.470815e+01 -5.444261e+01 -5.435554e+01 -5.608228e+01 -5.591802e+01 -5.723476e+01 -5.399007e+01 -5.528425e+01 -4.535547e+01 -5.707633e+01 
-5.466617e+01 -5.476157e+01 -5.423398e+01 -5.419950e+01 -5.406598e+01 -5.566072e+01 -5.217693e+01 -5.403777e+01 -5.783130e+01 -6.939591e+01 
-5.527588e+01 -5.501371e+01 -5.477606e+01 -5.664035e+01 -5.561200e+01 -5.723476e+01 -5.382302e+01 -5.514969e+01 -4.596811e+01 -6.189332e+01 
-5.522566e+01 -5.517171e+01 -5.474494e+01 -5.548704e+01 -5.530353e+01 -5.605936e+01 -5.308047e+01 -5.533114e+01 -5.339881e+01 -6.712044e+01 
-5.506712e+01 -5.489705e+01 -5.440895e+01 -5.592134e+01 -5.626533e+01 -5.644632e+01 -5.250493e+01 -5.718996e+01 -4.924110e+01 -6.847918e+01 
-5.443371e+01 -5.421159e+01 -5.384672e+01 -5.556416e+01 -5.435208e+01 -5.529640e+01 -5.238079e+01 -5.451934e+01 -4.667917e+01 -6.465041e+01 
-5.491095e+01 -5.467205e+01 -5.468017e+01 -5.613753e+01 -5.342044e+01 -5.529640e+01 -5.471171e+01 -5.448698e+01 -4.655218e+01 -5.442177e+01 
-5.491498e+01 -5.516335e+01 -5.485452e+01 -5.376816e+01 -5.661872e+01 -5.492652e+01 -5.362021e+01 -5.521432e+01 -6.269901e+01 -6.405009e+01 
-5.498726e+01 -5.536100e+01 -5.481621e+01 -5.331127e+01 -5.487794e+01 -5.492652e+01 -5.273325e+01 -5.606517e+01 -6.634972e+01 -7.026046e+01 
-5.438332e+01 -5.500000e+01 -5.455258e+01 -5.171510e+01 -5.644964e+01 -5.529640e+01 -5.280224e+01 -5.468264e+01 -7.229751e+01 -6.751490e+01 
-5.484451e+01 -5.439494e+01 -5.471032e+01 -5.728178e+01 -5.330843e+01 -5.644632e+01 -5.614204e+01 -5.325811e+01 -3.821972e+01 -4.394736e+01 
-5.460950e+01 -5.462019e+01 -5.453573e+01 -5.455034e+01 -5.616037e+01 -5.644632e+01 -5.418198e+01 -5.599075e+01 -5.496215e+01 -5.717308e+01 
-5.501704e+01 -5.472066e+01 -5.471238e+01 -5.653591e+01 -5.509297e+01 -5.605936e+01 -5.465870e+01 -5.448872e+01 -4.464909e+01 -5.508208e+01 
-5.473505e+01 -5.521337e+01 -5.466677e+01 -5.263066e+01 -5.469133e+01 -5.605936e+01 -5.255905e+01 -5.555849e+01 -6.897170e+01 -7.025980e+01 
-5.485286e+01 -5.470776e+01 -5.445035e+01 -5.555590e+01 -5.414934e+01 -5.605936e+01 -5.339137e+01 -5.544134e+01 -4.999496e+01 -6.231440e+01 
-5.471532e+01 -5.442054e+01 -5.453887e+01 -5.625147e+01 -5.538888e+01 -5.566072e+01 -5.505505e+01 -5.459159e+01 -4.425695e+01 -5.067622e+01 
-5.476906e+01 -5.533712e+01 -5.468608e+01 -5.231553e+01 -5.428112e+01 -5.605936e+01 -5.222816e+01 -5.472379e+01 -7.134137e+01 -7.283514e+01 
-5.457472e+01 -5.489440e+01 -5.455931e+01 -5.311414e+01 -5.316012e+01 -5.566072e+01 -5.321890e+01 -5.381375e+01 -6.444665e+01 -6.450809e+01 
-5.468495e+01 -5.509296e+01 -5.482571e+01 -5.285687e+01 -5.366639e+01 -5.529640e+01 -5.375387e+01 -5.496707e+01 -6.703848e+01 -6.281956e+01 
-5.467568e+01 -5.484608e+01 -5.461501e+01 -5.387098e+01 -5.421148e+01 -5.529640e+01 -5.367090e+01 -5.507982e+01 -6.012942e+01 -6.163919e+01 
-5.487090e+01 -5.483509e+01 -5.451173e+01 -5.504440e+01 -5.406845e+01 -5.566072e+01 -5.321184e+01 -5.375439e+01 -5.369567e+01 -6.415795e+01 
-5.441176e+01 -5.453007e+01 -5.411674e+01 -5.384789e+01 -5.584712e+01 -5.605936e+01 -5.247718e+01 -5.507043e+01 -5.822690e+01 -6.621869e+01 
-5.529390e+01 -5.545433e+01 -5.499343e+01 -5.453877e+01 -5.620136e+01 -5.644632e+01 -5.320479e+01 -5.431597e+01 -6.038761e+01 -6.828562e+01 
-5.467767e+01 -5.468278e+01 -5.441058e+01 -5.464840e+01 -5.448654e+01 -5.566072e+01 -5.330823e+01 -5.434148e+01 -5.484661e+01 -6.259223e+01 
-5.546075e+01 -5.498848e+01 -5.478167e+01 -5.800116e+01 -5.512690e+01 -5.683810e+01 -5.394847e+01 -5.536848e+01 -3.801561e+01 -6.100912e+01 
-5.482192e+01 -5.446107e+01 -5.456400e+01 -5.673897e+01 -5.509546e+01 -5.644632e+01 -5.500000e+01 -5.362899e+01 -4.176157e+01 -5.121638e+01 
-5.454199e+01 -5.504101e+01 -5.451339e+01 -5.234049e+01 -5.555037e+01 -5.644632e+01 -5.247392e+01 -5.508899e+01 -6.937780e+01 -6.958675e+01 
-5.402218e+01 -5.419472e+01 -5.415236e+01 -5.320408e+01 -5.566615e+01 -5.529640e+01 -5.397247e+01 -5.691122e+01 -5.953409e+01 -5.549058e+01 
-5.487246e+01 -5.520451e+01 -5.226694e+01 -5.336417e+01 -5.365403e+01 -5.529640e+01 -4.389298e+01 -5.457516e+01 -6.509818e+01 -1.113100e+02 
-5.530570e+01 -5.497098e+01 -5.492492e+01 -5.704988e+01 -5.471601e+01 -5.605936e+01 -5.473002e+01 -5.466209e+01 -4.336379e+01 -5.636541e+01 
