WH temperatures [deg C] from synthetic data. 
  T_18,    T_D,   T_17,  T_diff1_18D, T_diff2_18D, T_diff3_18D, T_diff1_17D, T_diff2_17D, T_division_18D, T_division_17D 
-2.910597e+01 -2.854034e+01 -2.793985e+01 -3.390051e+01 -3.076506e+01 -3.119822e+01 -2.454473e+01 -2.752043e+01 -5.270623e+00 -4.668467e+01 
-2.919039e+01 -2.893677e+01 -2.873480e+01 -3.117611e+01 -3.216437e+01 -3.032822e+01 -2.752349e+01 -2.912752e+01 -1.930461e+01 -3.552176e+01 
-2.862204e+01 -2.935952e+01 -2.854411e+01 -2.391979e+01 -3.149395e+01 -2.905398e+01 -2.414260e+01 -3.026376e+01 -5.182324e+01 -5.294203e+01 
-2.931040e+01 -2.964892e+01 -2.912985e+01 -2.700519e+01 -2.934575e+01 -2.989945e+01 -2.621122e+01 -2.789710e+01 -4.079109e+01 -4.545560e+01 
-2.896716e+01 -2.852700e+01 -2.836619e+01 -3.257868e+01 -2.875895e+01 -3.032822e+01 -2.738971e+01 -2.841923e+01 -1.102740e+01 -3.382429e+01 
-2.984505e+01 -3.000271e+01 -2.911005e+01 -2.873764e+01 -3.063553e+01 -3.076113e+01 -2.437976e+01 -2.919856e+01 -3.538493e+01 -5.536627e+01 
-2.840184e+01 -2.908841e+01 -2.816400e+01 -2.396743e+01 -2.919370e+01 -2.946887e+01 -2.323349e+01 -2.771635e+01 -5.024709e+01 -5.536524e+01 
-2.824262e+01 -2.897318e+01 -2.900000e+01 -2.355188e+01 -3.172878e+01 -2.905398e+01 -2.915959e+01 -2.816396e+01 -5.130792e+01 -2.809069e+01 
-2.943867e+01 -2.982921e+01 -2.946752e+01 -2.681185e+01 -2.924443e+01 -2.863379e+01 -2.738429e+01 -2.903256e+01 -4.253163e+01 -4.118142e+01 
-2.887319e+01 -2.895432e+01 -2.888894e+01 -2.827644e+01 -2.704609e+01 -2.863379e+01 -2.848278e+01 -2.880904e+01 -3.177383e+01 -3.113491e+01 
-2.944831e+01 -2.959457e+01 -2.897145e+01 -2.840481e+01 -2.671490e+01 -2.822430e+01 -2.551665e+01 -2.808776e+01 -3.461238e+01 -4.822755e+01 
-2.859438e+01 -2.903946e+01 -2.863320e+01 -2.559215e+01 -2.925854e+01 -2.905398e+01 -2.628373e+01 -2.755963e+01 -4.342631e+01 -4.174163e+01 
-3.029714e+01 -2.969177e+01 -2.998806e+01 -3.539448e+01 -2.804976e+01 -3.076113e+01 -3.191914e+01 -2.824266e+01 -4.723015e+00 -1.897831e+01 
-2.912274e+01 -2.893701e+01 -2.898290e+01 -3.055060e+01 -2.873509e+01 -2.822430e+01 -2.926794e+01 -2.907141e+01 -2.201596e+01 -2.736602e+01 
-2.899458e+01 -2.934132e+01 -2.893825e+01 -2.662569e+01 -2.933648e+01 -2.905398e+01 -2.661731e+01 -2.890806e+01 -4.075589e+01 -4.192336e+01 
-2.681827e+01 -2.827921e+01 -2.751892e+01 -1.832864e+01 -2.876691e+01 -2.781506e+01 -2.332048e+01 -2.655000e+01 -6.771237e+01 -5.062218e+01 
-2.943878e+01 -2.965122e+01 -2.940110e+01 -2.795710e+01 -2.993634e+01 -2.946887e+01 -2.792931e+01 -2.850829e+01 -3.683290e+01 -3.768665e+01 
-2.881079e+01 -2.801485e+01 -2.832261e+01 -3.611294e+01 -3.095683e+01 -3.253490e+01 -3.038322e+01 -2.677778e+01 7.115602e+00 -1.674016e+01 
-2.938622e+01 -2.981574e+01 -2.903282e+01 -2.651689e+01 -2.877913e+01 -3.032822e+01 -2.480629e+01 -2.770434e+01 -4.367593e+01 -5.252800e+01 
-2.962991e+01 -2.930739e+01 -2.883685e+01 -3.216769e+01 -2.909513e+01 -3.032822e+01 -2.615987e+01 -2.738119e+01 -1.693174e+01 -4.378824e+01 
-2.882738e+01 -2.861028e+01 -2.820522e+01 -3.052207e+01 -2.870902e+01 -2.989945e+01 -2.584767e+01 -3.013844e+01 -2.041933e+01 -4.130872e+01 
-2.969127e+01 -2.964694e+01 -2.912311e+01 -3.001714e+01 -2.789117e+01 -2.863379e+01 -2.617940e+01 -2.807931e+01 -2.805987e+01 -4.558630e+01 
-2.833125e+01 -2.897764e+01 -2.837238e+01 -2.411113e+01 -2.882021e+01 -2.863379e+01 -2.497586e+01 -2.985807e+01 -4.905971e+01 -4.720416e+01 
-2.880361e+01 -2.859956e+01 -2.859325e+01 -3.039515e+01 -2.656451e+01 -2.989945e+01 -2.854847e+01 -2.749571e+01 -2.091099e+01 -2.881441e+01 
-2.860136e+01 -2.909309e+01 -2.827006e+01 -2.531265e+01 -2.555593e+01 -2.989945e+01 -2.381491e+01 -2.831962e+01 -4.484052e+01 -5.290833e+01 
-2.855673e+01 -2.915605e+01 -2.807436e+01 -2.462135e+01 -2.791706e+01 -2.822430e+01 -2.243462e+01 -2.840129e+01 -4.795027e+01 -5.909015e+01 
-2.904243e+01 -2.907671e+01 -2.858192e+01 -2.879030e+01 -2.785954e+01 -2.905398e+01 -2.576137e+01 -2.794616e+01 -3.029147e+01 -4.428583e+01 
-2.937588e+01 -2.967657e+01 -2.893175e+01 -2.731472e+01 -2.967218e+01 -2.863379e+01 -2.488114e+01 -2.887066e+01 -3.965031e+01 -5.144626e+01 
-2.824938e+01 -2.881262e+01 -2.808549e+01 -2.450491e+01 -2.952097e+01 -2.946887e+01 -2.407284e+01 -2.811192e+01 -4.664969e+01 -5.027670e+01 
-2.881936e+01 -2.891760e+01 -2.832748e+01 -2.811742e+01 -2.997722e+01 -2.989945e+01 -2.500428e+01 -2.928685e+01 -3.231021e+01 -4.675058e+01 
-2.899062e+01 -2.962862e+01 -2.846188e+01 -2.486539e+01 -2.715855e+01 -2.781506e+01 -2.249137e+01 -2.837756e+01 -4.940358e+01 -6.135551e+01 
-2.931721e+01 -2.872411e+01 -2.889893e+01 -3.435979e+01 -2.928827e+01 -2.946887e+01 -3.002919e+01 -2.981150e+01 -4.188645e+00 -2.252734e+01 
-2.912193e+01 -2.886936e+01 -2.845150e+01 -3.109088e+01 -2.744425e+01 -2.863379e+01 -2.603063e+01 -2.787799e+01 -1.932210e+01 -4.193362e+01 
-2.846674e+01 -2.933702e+01 -2.864836e+01 -2.303397e+01 -2.981169e+01 -3.032822e+01 -2.485210e+01 -2.811180e+01 -5.520052e+01 -4.971548e+01 
-2.880820e+01 -2.905321e+01 -2.866852e+01 -2.710294e+01 -2.878371e+01 -2.905398e+01 -2.643619e+01 -2.837043e+01 -3.727323e+01 -4.113200e+01 
-2.902424e+01 -2.894275e+01 -2.858859e+01 -2.962361e+01 -2.827516e+01 -3.163953e+01 -2.651963e+01 -2.931994e+01 -2.599046e+01 -4.013801e+01 
-2.905175e+01 -2.946684e+01 -2.860903e+01 -2.625702e+01 -2.832436e+01 -2.905398e+01 -2.401415e+01 -2.731793e+01 -4.292711e+01 -5.407520e+01 
-2.867357e+01 -2.911374e+01 -2.866073e+01 -2.570310e+01 -2.807998e+01 -2.822430e+01 -2.606132e+01 -2.841058e+01 -4.336129e+01 -4.315489e+01 
-2.987377e+01 -2.974908e+01 -2.913754e+01 -3.080492e+01 -2.727647e+01 -2.822430e+01 -2.575232e+01 -2.655827e+01 -2.520336e+01 -4.804245e+01 
-2.916720e+01 -2.922306e+01 -2.848681e+01 -2.875630e+01 -2.812159e+01 -2.989945e+01 -2.444035e+01 -3.071180e+01 -3.121171e+01 -5.088237e+01 
-2.861748e+01 -2.879139e+01 -2.892467e+01 -2.736892e+01 -2.730819e+01 -2.863379e+01 -2.976830e+01 -2.840140e+01 -3.480130e+01 -2.417020e+01 
-2.870701e+01 -2.885780e+01 -2.867786e+01 -2.762454e+01 -2.821835e+01 -2.863379e+01 -2.758999e+01 -2.880566e+01 -3.407369e+01 -3.477229e+01 
-2.858325e+01 -2.871189e+01 -2.818364e+01 -2.765767e+01 -2.861938e+01 -2.863379e+01 -2.517248e+01 -2.858760e+01 -3.316710e+01 -4.487550e+01 
-3.006787e+01 -2.981204e+01 -2.930038e+01 -3.203346e+01 -3.122834e+01 -3.119822e+01 -2.642336e+01 -2.909156e+01 -2.018803e+01 -4.541515e+01 
-2.868127e+01 -2.932300e+01 -2.892620e+01 -2.451322e+01 -2.602614e+01 -2.822430e+01 -2.663875e+01 -2.666515e+01 -4.923622e+01 -4.172438e+01 
-2.835600e+01 -2.902812e+01 -2.825857e+01 -2.398943e+01 -3.290640e+01 -3.032822e+01 -2.405710e+01 -2.937925e+01 -4.980010e+01 -5.151135e+01 
-2.934459e+01 -2.973305e+01 -2.907448e+01 -2.672690e+01 -2.643601e+01 -2.905398e+01 -2.545081e+01 -2.910437e+01 -4.238056e+01 -4.927796e+01 
-2.965583e+01 -2.934543e+01 -2.908025e+01 -3.208978e+01 -2.737269e+01 -2.905398e+01 -2.751864e+01 -2.871382e+01 -1.747375e+01 -3.784787e+01 
-2.896347e+01 -2.866833e+01 -2.829584e+01 -3.129562e+01 -2.751832e+01 -2.905398e+01 -2.611828e+01 -2.767149e+01 -1.737228e+01 -4.041628e+01 
-2.740732e+01 -2.820492e+01 -2.800084e+01 -2.228498e+01 -3.166009e+01 -2.863379e+01 -2.676528e+01 -2.992351e+01 -5.238795e+01 -3.488046e+01 
-2.905801e+01 -2.913218e+01 -2.872915e+01 -2.851242e+01 -2.730067e+01 -2.863379e+01 -2.639737e+01 -2.837021e+01 -3.174272e+01 -4.175044e+01 
-2.855257e+01 -2.844114e+01 -2.813486e+01 -2.939545e+01 -3.033864e+01 -2.946887e+01 -2.631874e+01 -2.757451e+01 -2.435752e+01 -3.824112e+01 
-2.838090e+01 -2.854058e+01 -2.821218e+01 -2.723605e+01 -2.683180e+01 -2.863379e+01 -2.627485e+01 -2.795786e+01 -3.403890e+01 -3.899610e+01 
-2.892500e+01 -2.857829e+01 -2.831927e+01 -3.170413e+01 -2.858699e+01 -2.989945e+01 -2.677414e+01 -2.627131e+01 -1.512097e+01 -3.693844e+01 
-2.947812e+01 -3.004845e+01 -2.935821e+01 -2.577376e+01 -2.958823e+01 -2.946887e+01 -2.559435e+01 -2.790781e+01 -4.791618e+01 -5.038292e+01 
-2.898714e+01 -2.888319e+01 -2.866695e+01 -2.975172e+01 -2.769369e+01 -2.905398e+01 -2.737043e+01 -2.688479e+01 -2.510884e+01 -3.592558e+01 
-2.897046e+01 -2.879281e+01 -2.866703e+01 -3.032221e+01 -2.870956e+01 -3.076113e+01 -2.789272e+01 -2.952450e+01 -2.224965e+01 -3.300799e+01 
-2.949420e+01 -3.032489e+01 -2.949496e+01 -2.434254e+01 -2.773667e+01 -2.863379e+01 -2.507779e+01 -2.714934e+01 -5.504827e+01 -5.413263e+01 
-2.915544e+01 -2.851356e+01 -2.876818e+01 -3.471402e+01 -2.812406e+01 -2.905398e+01 -3.045626e+01 -2.722088e+01 -1.518419e+00 -1.926133e+01 
-2.830046e+01 -2.789550e+01 -2.813561e+01 -3.162810e+01 -2.847132e+01 -2.946887e+01 -2.970953e+01 -2.831549e+01 -1.187986e+01 -1.923066e+01 
-2.939482e+01 -2.974401e+01 -2.919299e+01 -2.702516e+01 -2.773045e+01 -2.863379e+01 -2.611826e+01 -2.910232e+01 -4.120500e+01 -4.639607e+01 
-2.830908e+01 -2.896669e+01 -2.881685e+01 -2.402240e+01 -2.987521e+01 -2.946887e+01 -2.791818e+01 -2.898032e+01 -4.935490e+01 -3.386705e+01 
-3.050691e+01 -3.021137e+01 -2.949773e+01 -3.278338e+01 -3.125679e+01 -3.119822e+01 -2.562877e+01 -2.932021e+01 -1.901030e+01 -5.112684e+01 
-2.892414e+01 -2.962640e+01 -2.937350e+01 -2.443101e+01 -3.036987e+01 -2.989945e+01 -2.788558e+01 -2.916991e+01 -5.112133e+01 -3.774766e+01 
-2.850956e+01 -2.884329e+01 -2.862549e+01 -2.620063e+01 -2.847062e+01 -2.781506e+01 -2.731717e+01 -2.919632e+01 -3.991980e+01 -3.594742e+01 
-2.933692e+01 -2.904676e+01 -2.887793e+01 -3.161192e+01 -2.977571e+01 -2.822430e+01 -2.786460e+01 -2.865861e+01 -1.798704e+01 -3.456841e+01 
-2.886280e+01 -2.846058e+01 -2.828418e+01 -3.214143e+01 -2.928598e+01 -2.989945e+01 -2.721494e+01 -2.859263e+01 -1.259459e+01 -3.425525e+01 
-3.036622e+01 -2.917941e+01 -2.936377e+01 -4.258258e+01 -3.122648e+01 -3.032822e+01 -3.054006e+01 -3.020987e+01 2.956798e+01 -2.270402e+01 
-2.885155e+01 -2.919051e+01 -2.875061e+01 -2.652444e+01 -2.875348e+01 -2.989945e+01 -2.621963e+01 -2.672879e+01 -4.039452e+01 -4.287755e+01 
-2.953701e+01 -2.973602e+01 -2.950992e+01 -2.814715e+01 -2.966470e+01 -2.905398e+01 -2.817551e+01 -2.980598e+01 -3.647976e+01 -3.703140e+01 
-2.881948e+01 -2.941877e+01 -2.845250e+01 -2.491377e+01 -2.590875e+01 -2.905398e+01 -2.335372e+01 -2.688963e+01 -4.812863e+01 -5.662868e+01 
-3.031184e+01 -2.947949e+01 -2.965191e+01 -3.783284e+01 -2.921856e+01 -2.989945e+01 -3.075155e+01 -2.780107e+01 7.225853e+00 -2.341225e+01 
-2.762424e+01 -2.852509e+01 -2.782170e+01 -2.196020e+01 -2.722851e+01 -2.822430e+01 -2.391651e+01 -2.817593e+01 -5.527393e+01 -4.938167e+01 
-2.871857e+01 -2.890621e+01 -2.857233e+01 -2.738619e+01 -2.707957e+01 -2.781506e+01 -2.661319e+01 -2.681920e+01 -3.532344e+01 -3.951097e+01 
-2.893942e+01 -2.872101e+01 -2.880024e+01 -3.063391e+01 -2.776804e+01 -2.989945e+01 -2.930890e+01 -2.805422e+01 -2.051817e+01 -2.593145e+01 
-2.916878e+01 -2.912679e+01 -2.870910e+01 -2.947760e+01 -2.743103e+01 -2.863379e+01 -2.629844e+01 -2.742658e+01 -2.760558e+01 -4.216510e+01 
-2.893329e+01 -2.941332e+01 -2.876129e+01 -2.573574e+01 -2.984989e+01 -2.946887e+01 -2.515180e+01 -2.802773e+01 -4.477938e+01 -4.882880e+01 
-2.974723e+01 -2.907000e+01 -2.865557e+01 -3.562416e+01 -2.905437e+01 -3.076113e+01 -2.626248e+01 -2.937443e+01 -4.614183e-01 -4.200807e+01 
-2.898400e+01 -2.886153e+01 -2.889164e+01 -2.990614e+01 -2.760258e+01 -2.946887e+01 -2.907863e+01 -2.868042e+01 -2.439842e+01 -2.784077e+01 
-2.875376e+01 -2.883482e+01 -2.863291e+01 -2.815948e+01 -2.882098e+01 -2.946887e+01 -2.741566e+01 -2.844277e+01 -3.170209e+01 -3.544727e+01 
-3.019443e+01 -3.001217e+01 -2.932580e+01 -3.156728e+01 -2.882243e+01 -2.946887e+01 -2.557894e+01 -2.810439e+01 -2.328627e+01 -5.025104e+01 
-2.958236e+01 -2.927761e+01 -2.971865e+01 -3.197149e+01 -2.792209e+01 -2.905398e+01 -3.269989e+01 -2.794325e+01 -1.763358e+01 -1.272708e+01 
-2.878007e+01 -2.823978e+01 -2.868377e+01 -3.336679e+01 -2.861767e+01 -2.989945e+01 -3.173468e+01 -2.787278e+01 -6.064078e+00 -1.145689e+01 
-2.906598e+01 -2.957534e+01 -2.920632e+01 -2.569893e+01 -2.983874e+01 -3.032822e+01 -2.708503e+01 -2.758652e+01 -4.576879e+01 -4.111698e+01 
-2.884720e+01 -2.885551e+01 -2.834589e+01 -2.878608e+01 -2.747606e+01 -2.946887e+01 -2.543521e+01 -2.775824e+01 -2.914959e+01 -4.451150e+01 
-2.914390e+01 -2.965883e+01 -2.897824e+01 -2.575162e+01 -2.666278e+01 -2.781506e+01 -2.524045e+01 -2.898171e+01 -4.598744e+01 -4.978938e+01 
-2.888633e+01 -2.867922e+01 -2.862293e+01 -3.049288e+01 -2.937724e+01 -2.946887e+01 -2.827536e+01 -3.027837e+01 -2.090785e+01 -3.057271e+01 
-2.855109e+01 -2.908484e+01 -2.848461e+01 -2.500674e+01 -2.880529e+01 -2.822430e+01 -2.511820e+01 -2.753541e+01 -4.603350e+01 -4.717151e+01 
-2.796582e+01 -2.839099e+01 -2.731582e+01 -2.505737e+01 -2.840343e+01 -3.032822e+01 -2.165154e+01 -2.892816e+01 -4.224271e+01 -5.828364e+01 
-2.801871e+01 -2.789359e+01 -2.798009e+01 -2.898074e+01 -2.880667e+01 -3.076113e+01 -2.852894e+01 -2.710025e+01 -2.327869e+01 -2.487895e+01 
-2.867430e+01 -2.874353e+01 -2.865149e+01 -2.817036e+01 -3.067742e+01 -2.946887e+01 -2.808738e+01 -2.825679e+01 -3.117262e+01 -3.181519e+01 
-2.907829e+01 -2.891743e+01 -2.883489e+01 -3.030534e+01 -2.796509e+01 -2.989945e+01 -2.832214e+01 -2.895237e+01 -2.297203e+01 -3.165329e+01 
-2.853043e+01 -2.927801e+01 -2.822469e+01 -2.376588e+01 -3.033727e+01 -3.032822e+01 -2.272383e+01 -2.921004e+01 -5.201708e+01 -5.852670e+01 
-2.828803e+01 -2.900558e+01 -2.832121e+01 -2.367326e+01 -2.946203e+01 -2.822430e+01 -2.452674e+01 -2.824410e+01 -5.099188e+01 -4.931237e+01 
-2.882202e+01 -2.930388e+01 -2.845339e+01 -2.561399e+01 -2.731425e+01 -2.905398e+01 -2.388272e+01 -2.767119e+01 -4.470741e+01 -5.375687e+01 
-2.833672e+01 -2.954668e+01 -2.906245e+01 -2.118516e+01 -2.949506e+01 -2.946887e+01 -2.631827e+01 -2.878642e+01 -6.336393e+01 -4.441012e+01 
-2.975964e+01 -2.977300e+01 -2.927168e+01 -2.965139e+01 -2.632157e+01 -2.863379e+01 -2.644660e+01 -2.699103e+01 -3.024468e+01 -4.509449e+01 
-2.925594e+01 -2.956706e+01 -2.908487e+01 -2.712383e+01 -2.914335e+01 -2.946887e+01 -2.635282e+01 -2.822342e+01 -3.987117e+01 -4.436890e+01 
-2.963193e+01 -2.949168e+01 -2.906602e+01 -3.068720e+01 -2.753916e+01 -2.822430e+01 -2.662924e+01 -2.810660e+01 -2.435143e+01 -4.270889e+01 
-2.803351e+01 -2.947068e+01 -2.930020e+01 -1.979741e+01 -2.541105e+01 -2.863379e+01 -2.828042e+01 -2.575266e+01 -6.816049e+01 -3.504314e+01 
-2.990305e+01 -3.004433e+01 -2.990524e+01 -2.890951e+01 -2.807375e+01 -2.822430e+01 -2.907500e+01 -2.676088e+01 -3.488342e+01 -3.460509e+01 
-2.829449e+01 -2.815246e+01 -2.824125e+01 -2.938257e+01 -2.652467e+01 -2.863379e+01 -2.880800e+01 -2.818487e+01 -2.289971e+01 -2.506039e+01 
-2.780025e+01 -2.869972e+01 -2.825759e+01 -2.215801e+01 -2.955727e+01 -2.822430e+01 -2.570292e+01 -3.024955e+01 -5.538807e+01 -4.245351e+01 
-2.884376e+01 -2.944763e+01 -2.864251e+01 -2.491114e+01 -2.891306e+01 -3.163953e+01 -2.428460e+01 -2.664487e+01 -4.828797e+01 -5.276299e+01 
-2.949643e+01 -2.951903e+01 -2.892173e+01 -2.932946e+01 -2.798925e+01 -2.989945e+01 -2.559451e+01 -2.954300e+01 -3.031632e+01 -4.746886e+01 
-2.810418e+01 -2.869935e+01 -2.796320e+01 -2.416770e+01 -3.064894e+01 -3.032822e+01 -2.390596e+01 -2.860492e+01 -4.740618e+01 -5.037652e+01 
-2.830342e+01 -2.808223e+01 -2.830582e+01 -3.003689e+01 -2.842799e+01 -2.863379e+01 -2.977567e+01 -2.900000e+01 -1.974050e+01 -2.005278e+01 
-2.910473e+01 -2.908173e+01 -2.894566e+01 -2.927392e+01 -3.080820e+01 -2.989945e+01 -2.812156e+01 -2.934819e+01 -2.825467e+01 -3.357642e+01 
-2.889585e+01 -2.894998e+01 -2.853042e+01 -2.849768e+01 -2.834126e+01 -2.989945e+01 -2.610592e+01 -2.715011e+01 -3.084385e+01 -4.204202e+01 
-2.883468e+01 -2.914844e+01 -2.870625e+01 -2.667327e+01 -2.766635e+01 -2.905398e+01 -2.616408e+01 -2.830271e+01 -3.955759e+01 -4.288962e+01 
-2.926250e+01 -2.963749e+01 -2.886307e+01 -2.672562e+01 -3.007857e+01 -2.989945e+01 -2.466934e+01 -2.750220e+01 -4.188752e+01 -5.214645e+01 
-2.911016e+01 -2.870918e+01 -2.852702e+01 -3.236197e+01 -2.912983e+01 -2.905398e+01 -2.742790e+01 -3.075795e+01 -1.293233e+01 -3.467666e+01 
-2.841565e+01 -2.907861e+01 -2.844478e+01 -2.410509e+01 -2.642032e+01 -2.740941e+01 -2.490748e+01 -2.635931e+01 -4.960263e+01 -4.805885e+01 
-2.929915e+01 -2.914899e+01 -2.887711e+01 -3.043174e+01 -2.725853e+01 -2.989945e+01 -2.727101e+01 -2.888225e+01 -2.365010e+01 -3.788027e+01 
-2.945370e+01 -2.944368e+01 -2.865440e+01 -2.951980e+01 -2.803443e+01 -2.905398e+01 -2.437254e+01 -2.789831e+01 -2.908742e+01 -5.236536e+01 
-2.975543e+01 -2.961656e+01 -2.922127e+01 -3.079792e+01 -3.057629e+01 -3.076113e+01 -2.696074e+01 -2.823645e+01 -2.453256e+01 -4.191074e+01 
-2.965700e+01 -2.977586e+01 -2.952016e+01 -2.881322e+01 -3.068236e+01 -2.989945e+01 -2.801964e+01 -2.887703e+01 -3.387387e+01 -3.797494e+01 
-2.806838e+01 -2.880198e+01 -2.825666e+01 -2.334123e+01 -2.837266e+01 -3.032822e+01 -2.515372e+01 -2.840773e+01 -5.127470e+01 -4.546275e+01 
-2.849033e+01 -2.899438e+01 -2.856827e+01 -2.512265e+01 -2.769189e+01 -2.740941e+01 -2.611059e+01 -2.882859e+01 -4.509730e+01 -4.226775e+01 
-2.856964e+01 -2.896806e+01 -2.889086e+01 -2.585682e+01 -2.994091e+01 -2.946887e+01 -2.841136e+01 -2.913472e+01 -4.197536e+01 -3.153704e+01 
-2.881200e+01 -2.928170e+01 -2.913367e+01 -2.567823e+01 -2.776920e+01 -2.781506e+01 -2.824635e+01 -2.826530e+01 -4.433116e+01 -3.412989e+01 
-2.898058e+01 -2.940893e+01 -2.900769e+01 -2.610020e+01 -2.728882e+01 -2.781506e+01 -2.669800e+01 -2.736813e+01 -4.326879e+01 -4.193700e+01 
-2.973799e+01 -2.963681e+01 -2.928735e+01 -3.049106e+01 -3.037276e+01 -3.032822e+01 -2.726498e+01 -2.960598e+01 -2.596583e+01 -4.064436e+01 
-2.855574e+01 -2.917519e+01 -2.815714e+01 -2.450171e+01 -2.952416e+01 -2.946887e+01 -2.280203e+01 -2.903900e+01 -4.852745e+01 -5.765602e+01 
-3.028742e+01 -2.978171e+01 -2.886392e+01 -3.441268e+01 -2.811431e+01 -2.863379e+01 -2.401464e+01 -2.683374e+01 -9.493079e+00 -5.577409e+01 
-2.904221e+01 -2.936255e+01 -2.894405e+01 -2.684412e+01 -2.896360e+01 -2.946887e+01 -2.654081e+01 -2.851135e+01 -3.996325e+01 -4.238650e+01 
-2.871532e+01 -2.907418e+01 -2.874053e+01 -2.625747e+01 -2.895597e+01 -2.946887e+01 -2.678799e+01 -2.938324e+01 -4.088363e+01 -3.965813e+01 
-2.941972e+01 -2.952626e+01 -2.894547e+01 -2.865634e+01 -2.864083e+01 -2.946887e+01 -2.570184e+01 -3.006815e+01 -3.321519e+01 -4.703551e+01 
-2.885075e+01 -2.913147e+01 -2.866464e+01 -2.690441e+01 -3.211850e+01 -2.946887e+01 -2.599174e+01 -2.969216e+01 -3.851018e+01 -4.356524e+01 
-2.773874e+01 -2.784046e+01 -2.774944e+01 -2.699280e+01 -3.095755e+01 -2.946887e+01 -2.718436e+01 -3.002824e+01 -3.140329e+01 -3.089498e+01 
-2.987911e+01 -3.000048e+01 -2.922053e+01 -2.902176e+01 -2.971737e+01 -2.905398e+01 -2.502911e+01 -2.853134e+01 -3.417733e+01 -5.257480e+01 
-2.925002e+01 -2.870501e+01 -2.823453e+01 -3.382789e+01 -2.939618e+01 -2.946887e+01 -2.552832e+01 -2.970350e+01 -6.450625e+00 -4.326087e+01 
-2.839013e+01 -2.947878e+01 -2.874691e+01 -2.183299e+01 -2.561632e+01 -2.863379e+01 -2.474629e+01 -2.698213e+01 -6.056303e+01 -5.094895e+01 
-2.901005e+01 -2.952195e+01 -2.918511e+01 -2.562378e+01 -2.813875e+01 -2.905398e+01 -2.723592e+01 -3.045734e+01 -4.579734e+01 -4.013199e+01 
-3.000895e+01 -3.088300e+01 -2.994085e+01 -2.467163e+01 -2.790922e+01 -2.822430e+01 -2.504374e+01 -2.891100e+01 -5.661077e+01 -5.730677e+01 
-2.858111e+01 -2.822283e+01 -2.811719e+01 -3.147591e+01 -2.869919e+01 -2.989945e+01 -2.746656e+01 -2.970435e+01 -1.425179e+01 -3.174929e+01 
-2.921160e+01 -2.981357e+01 -2.859211e+01 -2.531820e+01 -2.802278e+01 -2.989945e+01 -2.240299e+01 -2.796500e+01 -4.854084e+01 -6.269689e+01 
-2.928488e+01 -2.880143e+01 -2.892565e+01 -3.326320e+01 -2.870605e+01 -2.989945e+01 -2.969725e+01 -2.810036e+01 -9.459019e+00 -2.450155e+01 
-2.875567e+01 -2.879263e+01 -2.858861e+01 -2.846726e+01 -2.953501e+01 -3.076113e+01 -2.735540e+01 -3.046632e+01 -3.015046e+01 -3.548955e+01 
-2.804881e+01 -2.860814e+01 -2.764624e+01 -2.432193e+01 -2.600081e+01 -2.740941e+01 -2.251164e+01 -2.806017e+01 -4.632265e+01 -5.584094e+01 
-2.974728e+01 -3.002172e+01 -2.934067e+01 -2.786652e+01 -3.094024e+01 -2.946887e+01 -2.562040e+01 -2.846860e+01 -3.915674e+01 -5.012221e+01 
-2.931832e+01 -2.926412e+01 -2.855250e+01 -2.970646e+01 -3.118416e+01 -3.076113e+01 -2.463826e+01 -2.889163e+01 -2.731473e+01 -5.024327e+01 
-2.916472e+01 -2.870633e+01 -2.830534e+01 -3.294015e+01 -3.025880e+01 -3.076113e+01 -2.597327e+01 -3.051940e+01 -1.037794e+01 -4.128008e+01 
-2.920716e+01 -3.046668e+01 -2.895110e+01 -2.192318e+01 -2.879557e+01 -2.822430e+01 -2.162337e+01 -2.884584e+01 -6.515771e+01 -6.926566e+01 
-2.895689e+01 -2.889599e+01 -2.846565e+01 -2.940490e+01 -2.707060e+01 -2.946887e+01 -2.597973e+01 -2.826510e+01 -2.670813e+01 -4.230873e+01 
-2.911505e+01 -2.874626e+01 -2.883952e+01 -3.208121e+01 -2.686990e+01 -2.905398e+01 -2.943252e+01 -2.728330e+01 -1.435625e+01 -2.547715e+01 
-2.916318e+01 -2.893405e+01 -2.853565e+01 -3.094497e+01 -2.748609e+01 -2.863379e+01 -2.622462e+01 -2.804960e+01 -2.029343e+01 -4.142035e+01 
-2.948468e+01 -2.885709e+01 -2.885464e+01 -3.484889e+01 -2.706522e+01 -2.946887e+01 -2.883938e+01 -2.810298e+01 -2.703031e+00 -2.894120e+01 
-2.861712e+01 -2.918545e+01 -2.876524e+01 -2.486572e+01 -2.951965e+01 -2.863379e+01 -2.635123e+01 -2.867165e+01 -4.712462e+01 -4.225826e+01 
-2.908419e+01 -2.945399e+01 -2.897774e+01 -2.657455e+01 -3.174475e+01 -2.905398e+01 -2.627104e+01 -3.109023e+01 -4.155419e+01 -4.410608e+01 
-2.877997e+01 -2.799094e+01 -2.842304e+01 -3.601110e+01 -2.706500e+01 -2.905398e+01 -3.139535e+01 -2.869221e+01 6.790753e+00 -1.168012e+01 
-2.923507e+01 -2.940663e+01 -2.871764e+01 -2.803887e+01 -2.882572e+01 -2.905398e+01 -2.492383e+01 -2.900000e+01 -3.520565e+01 -4.978510e+01 
-2.954046e+01 -2.945594e+01 -2.906453e+01 -3.016904e+01 -2.715436e+01 -2.905398e+01 -2.681019e+01 -2.925361e+01 -2.639787e+01 -4.169307e+01 
-3.029267e+01 -2.952798e+01 -2.941768e+01 -3.705365e+01 -2.995251e+01 -2.822430e+01 -2.874960e+01 -3.007810e+01 3.511117e+00 -3.317753e+01 
-2.976645e+01 -3.007928e+01 -2.948264e+01 -2.764000e+01 -2.861313e+01 -2.905398e+01 -2.618434e+01 -2.808685e+01 -4.040447e+01 -4.795838e+01 
-2.920145e+01 -2.923450e+01 -2.880657e+01 -2.895835e+01 -2.964509e+01 -2.946887e+01 -2.634542e+01 -2.814268e+01 -3.042064e+01 -4.256174e+01 
-2.812482e+01 -2.863069e+01 -2.830920e+01 -2.472547e+01 -2.951986e+01 -2.905398e+01 -2.641289e+01 -3.013727e+01 -4.482121e+01 -3.887508e+01 
-2.986296e+01 -2.918737e+01 -2.900846e+01 -3.570072e+01 -3.014268e+01 -3.032822e+01 -2.792865e+01 -2.704596e+01 -7.371951e-01 -3.507429e+01 
-2.883080e+01 -2.941226e+01 -2.858102e+01 -2.502898e+01 -3.136443e+01 -2.989945e+01 -2.410779e+01 -2.950183e+01 -4.763258e+01 -5.337776e+01 
-2.934091e+01 -3.005578e+01 -2.944365e+01 -2.480717e+01 -2.855538e+01 -2.822430e+01 -2.606662e+01 -2.772527e+01 -5.183342e+01 -4.834882e+01 
-3.045791e+01 -2.982154e+01 -2.917341e+01 -3.585174e+01 -2.792125e+01 -3.032822e+01 -2.561118e+01 -2.770327e+01 -3.368412e+00 -4.906198e+01 
-2.665721e+01 -2.755440e+01 -2.728435e+01 -2.093595e+01 -2.921058e+01 -2.863379e+01 -2.565249e+01 -2.794125e+01 -5.434564e+01 -3.630070e+01 
-2.876133e+01 -2.868855e+01 -2.851233e+01 -2.932114e+01 -2.976725e+01 -2.905398e+01 -2.744763e+01 -2.816326e+01 -2.598066e+01 -3.446915e+01 
-2.942567e+01 -2.959328e+01 -2.903798e+01 -2.823018e+01 -2.658190e+01 -2.781506e+01 -2.592727e+01 -2.724979e+01 -3.531673e+01 -4.640890e+01 
-2.855725e+01 -2.850186e+01 -2.844604e+01 -2.897279e+01 -3.099132e+01 -2.905398e+01 -2.810050e+01 -3.047512e+01 -2.649899e+01 -3.038166e+01 
-2.870275e+01 -2.885245e+01 -2.859474e+01 -2.762741e+01 -2.814328e+01 -3.032822e+01 -2.705892e+01 -3.031391e+01 -3.403393e+01 -3.718224e+01 
-3.014582e+01 -2.971937e+01 -2.922311e+01 -3.356168e+01 -2.599280e+01 -2.822430e+01 -2.643251e+01 -2.751774e+01 -1.295837e+01 -4.485936e+01 
-2.940587e+01 -2.897114e+01 -2.864312e+01 -3.294048e+01 -2.805752e+01 -2.905398e+01 -2.671981e+01 -2.853009e+01 -1.176546e+01 -3.938941e+01 
-2.899239e+01 -2.915760e+01 -2.897618e+01 -2.781467e+01 -2.930478e+01 -3.076113e+01 -2.788351e+01 -2.893291e+01 -3.484642e+01 -3.511253e+01 
-2.886767e+01 -2.845205e+01 -2.869825e+01 -3.226664e+01 -2.778432e+01 -2.946887e+01 -3.031571e+01 -2.658941e+01 -1.200225e+01 -1.958446e+01 
-2.851153e+01 -2.873323e+01 -2.848609e+01 -2.694593e+01 -2.802086e+01 -2.822430e+01 -2.701210e+01 -2.734160e+01 -3.625552e+01 -3.672176e+01 
-2.957896e+01 -2.999309e+01 -2.938505e+01 -2.681231e+01 -3.112528e+01 -2.946887e+01 -2.602549e+01 -2.731115e+01 -4.338461e+01 -4.818423e+01 
-2.928608e+01 -2.910152e+01 -2.875281e+01 -3.069462e+01 -3.103801e+01 -3.032822e+01 -2.671722e+01 -2.880800e+01 -2.226138e+01 -4.013307e+01 
-2.824301e+01 -2.793054e+01 -2.805039e+01 -3.075139e+01 -2.928637e+01 -2.989945e+01 -2.882283e+01 -2.910688e+01 -1.586475e+01 -2.372325e+01 
-2.910289e+01 -2.916685e+01 -2.859142e+01 -2.863243e+01 -3.030516e+01 -3.076113e+01 -2.535237e+01 -2.955808e+01 -3.142936e+01 -4.659833e+01 
-2.902947e+01 -2.931777e+01 -2.881202e+01 -2.703773e+01 -2.858096e+01 -3.032822e+01 -2.595238e+01 -2.723971e+01 -3.892626e+01 -4.477138e+01 
-2.850617e+01 -2.895924e+01 -2.862679e+01 -2.545031e+01 -2.779864e+01 -3.032822e+01 -2.667837e+01 -2.782994e+01 -4.358785e+01 -3.951101e+01 
-3.031612e+01 -3.051054e+01 -3.007877e+01 -2.897281e+01 -2.737497e+01 -2.946887e+01 -2.764310e+01 -2.628836e+01 -3.707574e+01 -4.382785e+01 
-2.739626e+01 -2.762329e+01 -2.770127e+01 -2.576623e+01 -2.822032e+01 -2.905398e+01 -2.820240e+01 -2.825141e+01 -3.536813e+01 -2.490689e+01 
-2.812714e+01 -2.822653e+01 -2.778445e+01 -2.740230e+01 -2.964333e+01 -2.863379e+01 -2.521175e+01 -2.887520e+01 -3.170152e+01 -4.201647e+01 
-2.884445e+01 -2.878473e+01 -2.858783e+01 -2.928373e+01 -2.872991e+01 -2.905398e+01 -2.739507e+01 -2.819002e+01 -2.665688e+01 -3.526304e+01 
-3.002408e+01 -2.974943e+01 -2.923007e+01 -3.214564e+01 -2.849334e+01 -2.989945e+01 -2.632162e+01 -2.888789e+01 -1.936493e+01 -4.552136e+01 
-2.934930e+01 -2.936948e+01 -2.836737e+01 -2.920130e+01 -2.733301e+01 -2.863379e+01 -2.310278e+01 -2.726283e+01 -3.008243e+01 -5.742395e+01 
-2.907566e+01 -2.861444e+01 -2.863996e+01 -3.287577e+01 -2.893188e+01 -2.822430e+01 -2.879902e+01 -2.909013e+01 -1.018013e+01 -2.774051e+01 
-2.908895e+01 -2.914461e+01 -2.844640e+01 -2.867955e+01 -2.696228e+01 -2.863379e+01 -2.458778e+01 -2.709916e+01 -3.111494e+01 -4.981233e+01 
-2.829719e+01 -2.871860e+01 -2.852762e+01 -2.542809e+01 -3.056851e+01 -3.076113e+01 -2.737715e+01 -2.827150e+01 -4.243162e+01 -3.496364e+01 
-2.809703e+01 -2.882410e+01 -2.787880e+01 -2.340994e+01 -3.093143e+01 -3.032822e+01 -2.283054e+01 -2.818067e+01 -5.111419e+01 -5.565721e+01 
-2.990022e+01 -3.033472e+01 -3.004742e+01 -2.702298e+01 -2.727770e+01 -2.863379e+01 -2.837288e+01 -2.729761e+01 -4.429908e+01 -3.946007e+01 
-2.935545e+01 -2.956645e+01 -2.912339e+01 -2.788151e+01 -2.522344e+01 -2.822430e+01 -2.659910e+01 -2.840944e+01 -3.670530e+01 -4.326141e+01 
-2.838505e+01 -2.846639e+01 -2.798953e+01 -2.779188e+01 -3.116402e+01 -3.032822e+01 -2.523942e+01 -2.990484e+01 -3.131757e+01 -4.322207e+01 
-2.800773e+01 -2.839490e+01 -2.847551e+01 -2.534165e+01 -2.740125e+01 -2.781506e+01 -2.900000e+01 -2.998553e+01 -4.110729e+01 -2.559682e+01 
-2.941084e+01 -2.929151e+01 -2.896712e+01 -3.030744e+01 -2.753427e+01 -2.946887e+01 -2.707297e+01 -2.898245e+01 -2.493388e+01 -3.958039e+01 
-2.888078e+01 -2.931881e+01 -2.890007e+01 -2.593946e+01 -2.908724e+01 -2.946887e+01 -2.649550e+01 -2.834785e+01 -4.345821e+01 -4.234641e+01 
-2.894795e+01 -2.902568e+01 -2.874891e+01 -2.837617e+01 -2.762871e+01 -2.989945e+01 -2.711327e+01 -2.893158e+01 -3.174075e+01 -3.790377e+01 
-2.839864e+01 -2.892874e+01 -2.847429e+01 -2.486760e+01 -3.063532e+01 -3.032822e+01 -2.586151e+01 -2.852783e+01 -4.578775e+01 -4.301837e+01 
-2.952486e+01 -2.919665e+01 -2.886979e+01 -3.210429e+01 -2.991035e+01 -3.032822e+01 -2.695555e+01 -2.995863e+01 -1.663234e+01 -3.958978e+01 
-2.941558e+01 -2.904561e+01 -2.892233e+01 -3.237223e+01 -2.845829e+01 -2.989945e+01 -2.817516e+01 -2.806775e+01 -1.465567e+01 -3.312151e+01 
-2.858728e+01 -2.897637e+01 -2.882077e+01 -2.593399e+01 -2.787192e+01 -2.863379e+01 -2.788815e+01 -2.815503e+01 -4.170249e+01 -3.406094e+01 
-2.955791e+01 -3.000302e+01 -2.916335e+01 -2.660117e+01 -3.221974e+01 -3.032822e+01 -2.468409e+01 -2.813948e+01 -4.430514e+01 -5.407108e+01 
-2.860429e+01 -2.833853e+01 -2.832057e+01 -3.070047e+01 -3.003612e+01 -2.989945e+01 -2.820829e+01 -2.852508e+01 -1.822128e+01 -2.894923e+01 
-2.793336e+01 -2.861315e+01 -2.822941e+01 -2.350789e+01 -3.051333e+01 -3.076113e+01 -2.598834e+01 -2.963657e+01 -4.964232e+01 -4.069331e+01 
-2.990744e+01 -2.981731e+01 -2.873525e+01 -3.057477e+01 -2.848040e+01 -2.905398e+01 -2.314776e+01 -2.932504e+01 -2.655934e+01 -5.962622e+01 
-2.853151e+01 -2.889327e+01 -2.807116e+01 -2.604672e+01 -2.967228e+01 -2.905398e+01 -2.360793e+01 -2.801778e+01 -4.081021e+01 -5.271537e+01 
-2.840123e+01 -2.827026e+01 -2.819976e+01 -2.939961e+01 -2.582827e+01 -2.822430e+01 -2.776310e+01 -2.591952e+01 -2.344304e+01 -3.064032e+01 
-2.757053e+01 -2.748933e+01 -2.734159e+01 -2.819260e+01 -2.943301e+01 -2.989945e+01 -2.642910e+01 -2.948510e+01 -2.451912e+01 -3.239819e+01 
-2.883620e+01 -2.902296e+01 -2.825454e+01 -2.752107e+01 -2.721641e+01 -2.822430e+01 -2.405828e+01 -2.942687e+01 -3.536829e+01 -5.147815e+01 
-2.803977e+01 -2.797952e+01 -2.785570e+01 -2.848914e+01 -2.944374e+01 -2.989945e+01 -2.709298e+01 -2.878306e+01 -2.579194e+01 -3.210291e+01 
-2.920858e+01 -2.950342e+01 -2.911075e+01 -2.719071e+01 -2.969331e+01 -2.905398e+01 -2.685283e+01 -2.760821e+01 -3.926061e+01 -4.176586e+01 
-2.910626e+01 -2.948862e+01 -2.928648e+01 -2.651972e+01 -3.100660e+01 -2.946887e+01 -2.808436e+01 -2.913671e+01 -4.196054e+01 -3.605242e+01 
-2.930846e+01 -2.923855e+01 -2.876276e+01 -2.981373e+01 -2.897851e+01 -2.822430e+01 -2.605121e+01 -2.865951e+01 -2.678800e+01 -4.390202e+01 
-2.786285e+01 -2.856600e+01 -2.774067e+01 -2.330007e+01 -2.951364e+01 -2.863379e+01 -2.324419e+01 -2.637481e+01 -5.022637e+01 -5.250225e+01 
-2.910690e+01 -2.915004e+01 -2.915114e+01 -2.878960e+01 -2.578412e+01 -2.863379e+01 -2.915798e+01 -2.856253e+01 -3.068300e+01 -2.911390e+01 
-2.830735e+01 -2.901907e+01 -2.862893e+01 -2.372650e+01 -2.802492e+01 -2.781506e+01 -2.636629e+01 -2.808626e+01 -5.084949e+01 -4.125606e+01 
-2.810564e+01 -2.918815e+01 -2.886845e+01 -2.154527e+01 -2.816569e+01 -2.863379e+01 -2.699430e+01 -2.858621e+01 -6.021242e+01 -3.936525e+01 
-2.972900e+01 -2.893054e+01 -2.883007e+01 -3.693144e+01 -2.961486e+01 -2.946887e+01 -2.822247e+01 -2.894751e+01 6.044453e+00 -3.224857e+01 
-2.956387e+01 -2.944111e+01 -2.915158e+01 -3.048476e+01 -2.846182e+01 -3.032822e+01 -2.745944e+01 -2.780288e+01 -2.495885e+01 -3.865774e+01 
-2.928442e+01 -2.986657e+01 -2.936577e+01 -2.549997e+01 -2.930163e+01 -3.032822e+01 -2.654717e+01 -3.058265e+01 -4.808195e+01 -4.516504e+01 
-2.807061e+01 -2.832256e+01 -2.849749e+01 -2.629011e+01 -2.810751e+01 -2.822430e+01 -2.962170e+01 -2.740328e+01 -3.683713e+01 -2.211862e+01 
-2.953754e+01 -2.988376e+01 -2.908108e+01 -2.719175e+01 -2.974519e+01 -3.032822e+01 -2.476547e+01 -2.804335e+01 -4.124485e+01 -5.307393e+01 
-3.022317e+01 -2.965208e+01 -2.952016e+01 -3.496958e+01 -2.865040e+01 -2.946887e+01 -2.872561e+01 -2.833216e+01 -6.312196e+00 -3.399410e+01 
-3.004730e+01 -2.938829e+01 -2.892760e+01 -3.570827e+01 -2.715713e+01 -2.946887e+01 -2.630133e+01 -2.752447e+01 -1.742938e+00 -4.360516e+01 
-2.833459e+01 -2.876268e+01 -2.862931e+01 -2.541377e+01 -2.959727e+01 -2.989945e+01 -2.780699e+01 -2.988969e+01 -4.272801e+01 -3.323753e+01 
-2.986535e+01 -2.997985e+01 -2.965013e+01 -2.905511e+01 -2.766190e+01 -2.863379e+01 -2.774478e+01 -2.797813e+01 -3.392660e+01 -4.038514e+01 
-2.926697e+01 -2.919240e+01 -2.894908e+01 -2.981300e+01 -2.640995e+01 -2.863379e+01 -2.749978e+01 -2.689981e+01 -2.654423e+01 -3.707920e+01 
-3.011427e+01 -2.993417e+01 -2.928206e+01 -3.147193e+01 -3.093795e+01 -3.076113e+01 -2.569996e+01 -2.799777e+01 -2.328813e+01 -4.929224e+01 
-2.839458e+01 -2.844860e+01 -2.801531e+01 -2.799827e+01 -2.707696e+01 -2.863379e+01 -2.549873e+01 -2.735523e+01 -3.035419e+01 -4.197035e+01 
-2.938995e+01 -2.965092e+01 -2.927371e+01 -2.758684e+01 -2.872947e+01 -3.032822e+01 -2.710125e+01 -2.854158e+01 -3.838157e+01 -4.146683e+01 
-2.964655e+01 -2.906784e+01 -2.907472e+01 -3.451627e+01 -2.879613e+01 -3.032822e+01 -2.911744e+01 -2.990291e+01 -5.284538e+00 -2.883327e+01 
-2.922102e+01 -2.951525e+01 -2.908833e+01 -2.720891e+01 -2.826231e+01 -2.822430e+01 -2.664646e+01 -2.815229e+01 -3.924675e+01 -4.276282e+01 
-2.998924e+01 -2.933905e+01 -2.880818e+01 -3.556493e+01 -2.927262e+01 -2.989945e+01 -2.581913e+01 -2.997689e+01 -2.122380e+00 -4.548141e+01 
-2.945416e+01 -2.905585e+01 -2.912775e+01 -3.265839e+01 -2.992609e+01 -2.989945e+01 -2.957433e+01 -2.822798e+01 -1.345286e+01 -2.656012e+01 
-2.923263e+01 -2.884818e+01 -2.818201e+01 -3.233757e+01 -2.814523e+01 -2.989945e+01 -2.446560e+01 -2.832226e+01 -1.377321e+01 -4.872032e+01 
-2.858454e+01 -2.873536e+01 -2.827579e+01 -2.750463e+01 -2.759766e+01 -2.946887e+01 -2.562904e+01 -2.984666e+01 -3.393234e+01 -4.298080e+01 
-2.913630e+01 -2.870951e+01 -2.862552e+01 -3.262141e+01 -3.111552e+01 -3.119822e+01 -2.810975e+01 -3.037711e+01 -1.179593e+01 -3.151781e+01 
-2.879906e+01 -2.911123e+01 -2.897872e+01 -2.665205e+01 -3.030205e+01 -3.076113e+01 -2.817423e+01 -2.891452e+01 -3.944964e+01 -3.350016e+01 
-2.965899e+01 -3.025201e+01 -2.948646e+01 -2.583404e+01 -3.009006e+01 -2.989945e+01 -2.536984e+01 -2.890296e+01 -4.872638e+01 -5.247488e+01 
-2.930455e+01 -2.899414e+01 -2.892725e+01 -3.175269e+01 -2.511188e+01 -2.822430e+01 -2.851174e+01 -2.752769e+01 -1.709538e+01 -3.122924e+01 
-2.983886e+01 -3.019490e+01 -2.974987e+01 -2.744221e+01 -2.892724e+01 -2.905398e+01 -2.723412e+01 -2.825902e+01 -4.183306e+01 -4.390983e+01 
-2.974197e+01 -2.936951e+01 -2.906771e+01 -3.270464e+01 -3.046135e+01 -2.905398e+01 -2.730148e+01 -2.700708e+01 -1.490098e+01 -3.897690e+01 
-2.889878e+01 -2.917803e+01 -2.855207e+01 -2.695728e+01 -3.183970e+01 -2.989945e+01 -2.505559e+01 -2.887839e+01 -3.853628e+01 -4.796275e+01 
-2.929750e+01 -2.947944e+01 -2.906902e+01 -2.801764e+01 -2.558921e+01 -2.905398e+01 -2.671342e+01 -2.652007e+01 -3.567705e+01 -4.226123e+01 
-2.846903e+01 -2.924019e+01 -2.895643e+01 -2.355952e+01 -2.977975e+01 -2.946887e+01 -2.727608e+01 -2.907378e+01 -5.265069e+01 -3.837694e+01 
-2.937912e+01 -2.873493e+01 -2.871493e+01 -3.492921e+01 -3.083439e+01 -3.032822e+01 -2.858612e+01 -2.869587e+01 -1.705927e+00 -2.941285e+01 
-3.015026e+01 -2.971918e+01 -2.938425e+01 -3.360713e+01 -2.868250e+01 -2.946887e+01 -2.744355e+01 -2.920803e+01 -1.275549e+01 -4.029387e+01 
-2.906845e+01 -2.833960e+01 -2.869406e+01 -3.557254e+01 -2.966815e+01 -3.076113e+01 -3.107969e+01 -2.795054e+01 3.082480e+00 -1.523580e+01 
-2.879900e+01 -2.862304e+01 -2.826627e+01 -3.016421e+01 -2.728516e+01 -2.905398e+01 -2.617388e+01 -2.823282e+01 -2.203009e+01 -3.991292e+01 
-3.001666e+01 -2.970346e+01 -2.955225e+01 -3.245952e+01 -3.014253e+01 -2.989945e+01 -2.864423e+01 -2.605865e+01 -1.774375e+01 -3.465868e+01 
-2.979283e+01 -3.010285e+01 -2.927949e+01 -2.768506e+01 -2.966725e+01 -2.946887e+01 -2.487884e+01 -2.880128e+01 -4.034013e+01 -5.377910e+01 
-2.785202e+01 -2.717186e+01 -2.733208e+01 -3.393675e+01 -2.892553e+01 -3.119822e+01 -2.837442e+01 -2.924902e+01 1.945019e+00 -2.147465e+01 
-2.884621e+01 -2.898272e+01 -2.900000e+01 -2.787588e+01 -2.616184e+01 -2.822430e+01 -2.909513e+01 -2.772649e+01 -3.366831e+01 -2.845155e+01 
-2.988892e+01 -2.947642e+01 -2.902343e+01 -3.319585e+01 -2.990260e+01 -3.076113e+01 -2.644020e+01 -2.796487e+01 -1.329733e+01 -4.347324e+01 
-2.871726e+01 -2.880651e+01 -2.833197e+01 -2.806196e+01 -2.843837e+01 -2.905398e+01 -2.560161e+01 -2.812075e+01 -3.196714e+01 -4.350454e+01 
-2.925969e+01 -2.931325e+01 -2.894828e+01 -2.887160e+01 -2.767023e+01 -2.989945e+01 -2.683253e+01 -2.888289e+01 -3.119221e+01 -4.079379e+01 
-2.992057e+01 -2.992474e+01 -2.900846e+01 -2.989031e+01 -2.904420e+01 -2.946887e+01 -2.417209e+01 -2.864915e+01 -3.007246e+01 -5.587422e+01 
-2.912638e+01 -2.933100e+01 -2.943764e+01 -2.769418e+01 -2.968239e+01 -3.032822e+01 -3.011056e+01 -2.825386e+01 -3.625620e+01 -2.562936e+01 
-2.905025e+01 -2.930472e+01 -2.906853e+01 -2.728103e+01 -2.708880e+01 -2.781506e+01 -2.766965e+01 -2.802347e+01 -3.784546e+01 -3.692502e+01 
-2.883145e+01 -2.866083e+01 -2.839675e+01 -3.014959e+01 -2.811580e+01 -2.905398e+01 -2.682465e+01 -2.864146e+01 -2.229171e+01 -3.717149e+01 
-2.916461e+01 -2.899676e+01 -2.906910e+01 -3.045349e+01 -2.946223e+01 -3.076113e+01 -2.951846e+01 -2.822725e+01 -2.274946e+01 -2.649412e+01 
-2.905011e+01 -2.942065e+01 -2.905236e+01 -2.653336e+01 -3.141756e+01 -2.905398e+01 -2.692177e+01 -2.855646e+01 -4.155026e+01 -4.099077e+01 
-3.007251e+01 -2.999523e+01 -2.995672e+01 -3.064158e+01 -2.758403e+01 -2.863379e+01 -2.970855e+01 -2.707172e+01 -2.721299e+01 -3.128544e+01 
-2.982741e+01 -2.973720e+01 -2.960767e+01 -3.049614e+01 -2.943349e+01 -2.989945e+01 -2.882923e+01 -2.910571e+01 -2.647487e+01 -3.400087e+01 
-2.927590e+01 -2.935164e+01 -2.846638e+01 -2.872863e+01 -2.719252e+01 -2.781506e+01 -2.373603e+01 -2.781838e+01 -3.199486e+01 -5.464239e+01 
-2.998102e+01 -3.041761e+01 -2.977075e+01 -2.709457e+01 -2.677368e+01 -2.822430e+01 -2.623884e+01 -2.827674e+01 -4.443670e+01 -4.958634e+01 
-2.967484e+01 -2.923525e+01 -2.900320e+01 -3.321988e+01 -2.760695e+01 -2.989945e+01 -2.761463e+01 -2.834065e+01 -1.193067e+01 -3.679677e+01 
-2.880669e+01 -2.983134e+01 -2.912816e+01 -2.261521e+01 -2.936005e+01 -2.946887e+01 -2.529210e+01 -2.804600e+01 -5.932958e+01 -5.051022e+01 
-3.006729e+01 -2.980329e+01 -2.961375e+01 -3.209978e+01 -2.931199e+01 -2.905398e+01 -2.848191e+01 -2.862128e+01 -1.985117e+01 -3.596213e+01 
-2.984987e+01 -2.965085e+01 -2.953228e+01 -3.136330e+01 -3.057686e+01 -3.032822e+01 -2.881729e+01 -2.800736e+01 -2.226000e+01 -3.356448e+01 
-2.830640e+01 -2.842679e+01 -2.829804e+01 -2.743485e+01 -2.933057e+01 -2.946887e+01 -2.751058e+01 -2.875880e+01 -3.261131e+01 -3.269911e+01 
-2.969027e+01 -2.994062e+01 -2.894735e+01 -2.796460e+01 -2.778701e+01 -2.946887e+01 -2.376345e+01 -2.912639e+01 -3.832052e+01 -5.769578e+01 
-2.891979e+01 -2.859589e+01 -2.873146e+01 -3.150145e+01 -2.909172e+01 -2.946887e+01 -2.959108e+01 -2.753344e+01 -1.609637e+01 -2.383876e+01 
-2.852899e+01 -2.876535e+01 -2.827750e+01 -2.685293e+01 -2.967004e+01 -2.905398e+01 -2.547179e+01 -3.026840e+01 -3.681978e+01 -4.385660e+01 
-2.941184e+01 -3.000465e+01 -2.934803e+01 -2.557342e+01 -2.932102e+01 -2.905398e+01 -2.574722e+01 -2.892501e+01 -4.849950e+01 -4.947276e+01 
-2.870323e+01 -2.845325e+01 -2.854495e+01 -3.066402e+01 -2.824791e+01 -2.989945e+01 -2.912862e+01 -3.097487e+01 -1.898090e+01 -2.526394e+01 
-2.917898e+01 -2.942066e+01 -2.933580e+01 -2.750506e+01 -2.794649e+01 -2.905398e+01 -2.881903e+01 -2.607638e+01 -3.751726e+01 -3.224550e+01 
-2.900498e+01 -2.926415e+01 -2.896023e+01 -2.720284e+01 -2.867620e+01 -2.905398e+01 -2.717892e+01 -2.772072e+01 -3.795917e+01 -3.894409e+01 
-2.955426e+01 -2.927777e+01 -2.872243e+01 -3.170752e+01 -2.869332e+01 -2.905398e+01 -2.559678e+01 -2.961023e+01 -1.878792e+01 -4.612714e+01 
-2.795201e+01 -2.800235e+01 -2.810626e+01 -2.757988e+01 -2.442179e+01 -2.905398e+01 -2.877252e+01 -2.767870e+01 -2.978441e+01 -2.436914e+01 
-3.037759e+01 -3.028480e+01 -2.964149e+01 -3.105999e+01 -3.537347e+01 -3.119822e+01 -2.612056e+01 -3.098341e+01 -2.693833e+01 -4.937484e+01 
-2.883743e+01 -2.909255e+01 -2.861737e+01 -2.706205e+01 -2.932603e+01 -2.989945e+01 -2.590032e+01 -2.806886e+01 -3.765003e+01 -4.375541e+01 
-2.812361e+01 -2.834947e+01 -2.800318e+01 -2.652018e+01 -2.952519e+01 -3.032822e+01 -2.596060e+01 -2.826904e+01 -3.602416e+01 -3.934777e+01 
-2.893483e+01 -2.915872e+01 -2.887958e+01 -2.736012e+01 -2.659117e+01 -2.822430e+01 -2.723212e+01 -2.795100e+01 -3.675630e+01 -3.811341e+01 
-2.889639e+01 -2.862539e+01 -2.864907e+01 -3.103009e+01 -2.783950e+01 -2.946887e+01 -2.879649e+01 -2.881140e+01 -1.829957e+01 -2.781476e+01 
-2.809161e+01 -2.900000e+01 -2.841332e+01 -2.242338e+01 -3.048002e+01 -2.946887e+01 -2.510995e+01 -2.855014e+01 -5.587790e+01 -4.674276e+01 
-2.786770e+01 -2.794094e+01 -2.739982e+01 -2.732838e+01 -2.793046e+01 -3.119822e+01 -2.428402e+01 -2.661804e+01 -3.052096e+01 -4.452915e+01 
-2.871550e+01 -2.862869e+01 -2.778647e+01 -2.936634e+01 -3.005180e+01 -2.989945e+01 -2.321322e+01 -2.841394e+01 -2.546937e+01 -5.297333e+01 
-2.843051e+01 -2.867068e+01 -2.834282e+01 -2.673879e+01 -2.966095e+01 -3.076113e+01 -2.641215e+01 -2.955405e+01 -3.679060e+01 -3.910219e+01 
-2.887679e+01 -2.832539e+01 -2.825462e+01 -3.355250e+01 -2.915825e+01 -2.989945e+01 -2.781659e+01 -2.882749e+01 -5.690578e+00 -3.070393e+01 
-2.825203e+01 -2.839926e+01 -2.845340e+01 -2.719151e+01 -2.742890e+01 -2.863379e+01 -2.879494e+01 -2.796990e+01 -3.348698e+01 -2.653095e+01 
-2.961046e+01 -2.938689e+01 -2.910091e+01 -3.132740e+01 -3.030546e+01 -3.032822e+01 -2.742447e+01 -2.834066e+01 -2.102052e+01 -3.851257e+01 
-2.934657e+01 -2.900000e+01 -2.880692e+01 -3.210596e+01 -2.723287e+01 -2.822430e+01 -2.765896e+01 -2.729949e+01 -1.558048e+01 -3.525193e+01 
-2.814601e+01 -2.841722e+01 -2.782463e+01 -2.623916e+01 -2.805176e+01 -2.946887e+01 -2.446376e+01 -2.849358e+01 -3.754020e+01 -4.636170e+01 
-2.942393e+01 -2.937979e+01 -2.843431e+01 -2.973511e+01 -2.919739e+01 -2.989945e+01 -2.342778e+01 -2.799085e+01 -2.779702e+01 -5.610567e+01 
-2.905173e+01 -3.001560e+01 -2.933048e+01 -2.318250e+01 -2.908327e+01 -2.863379e+01 -2.558992e+01 -2.896599e+01 -5.806183e+01 -5.022185e+01 
-2.888883e+01 -2.864157e+01 -2.848555e+01 -3.082507e+01 -3.172609e+01 -2.989945e+01 -2.753886e+01 -2.989685e+01 -1.927321e+01 -3.378278e+01 
-2.966105e+01 -2.953468e+01 -2.932108e+01 -3.060841e+01 -3.204452e+01 -2.989945e+01 -2.805417e+01 -3.123606e+01 -2.491922e+01 -3.645251e+01 
-3.005985e+01 -2.997513e+01 -2.904141e+01 -3.068485e+01 -2.782268e+01 -2.905398e+01 -2.412899e+01 -2.808440e+01 -2.691960e+01 -5.632981e+01 
-3.054974e+01 -2.982806e+01 -2.986323e+01 -3.681844e+01 -2.736992e+01 -2.822430e+01 -3.008057e+01 -2.766759e+01 9.066206e-01 -2.863015e+01 
-3.042217e+01 -2.990759e+01 -2.939250e+01 -3.461944e+01 -2.860369e+01 -2.989945e+01 -2.650165e+01 -2.997126e+01 -9.229977e+00 -4.559645e+01 
-2.874446e+01 -2.897520e+01 -2.871096e+01 -2.712377e+01 -3.054878e+01 -2.781506e+01 -2.714487e+01 -2.936294e+01 -3.677847e+01 -3.747547e+01 
-2.876588e+01 -2.885890e+01 -2.849239e+01 -2.810307e+01 -3.096253e+01 -3.119822e+01 -2.634999e+01 -2.889641e+01 -3.206524e+01 -4.043905e+01 
-2.918013e+01 -2.895998e+01 -2.852555e+01 -3.089064e+01 -2.790557e+01 -2.822430e+01 -2.602164e+01 -2.743388e+01 -2.066502e+01 -4.247526e+01 
-2.864245e+01 -2.855192e+01 -2.867959e+01 -2.932349e+01 -3.082045e+01 -2.989945e+01 -2.949084e+01 -2.877367e+01 -2.525279e+01 -2.407852e+01 
-2.918532e+01 -2.901000e+01 -2.892721e+01 -3.053541e+01 -2.855133e+01 -2.863379e+01 -2.841294e+01 -2.921037e+01 -2.246545e+01 -3.176826e+01 
-2.827774e+01 -2.892498e+01 -2.876106e+01 -2.404777e+01 -2.748967e+01 -2.863379e+01 -2.778352e+01 -2.807085e+01 -4.904139e+01 -3.425547e+01 
-2.833329e+01 -2.872221e+01 -2.868323e+01 -2.567029e+01 -2.614263e+01 -2.740941e+01 -2.843343e+01 -2.736465e+01 -4.146234e+01 -3.003795e+01 
-2.925553e+01 -2.887062e+01 -2.878361e+01 -3.234752e+01 -2.836875e+01 -2.822430e+01 -2.825813e+01 -2.829680e+01 -1.384636e+01 -3.174422e+01 
-3.017077e+01 -3.058830e+01 -3.007943e+01 -2.740781e+01 -2.797136e+01 -2.863379e+01 -2.724721e+01 -2.879657e+01 -4.403492e+01 -4.604741e+01 
-2.836030e+01 -2.886398e+01 -2.847491e+01 -2.498375e+01 -2.790203e+01 -2.822430e+01 -2.620967e+01 -2.853194e+01 -4.498778e+01 -4.109956e+01 
-2.840016e+01 -2.839980e+01 -2.813046e+01 -2.839340e+01 -2.874865e+01 -2.946887e+01 -2.652243e+01 -2.753966e+01 -2.838690e+01 -3.708417e+01 
-2.759482e+01 -2.794599e+01 -2.799924e+01 -2.514310e+01 -2.979168e+01 -2.822430e+01 -2.832645e+01 -2.993227e+01 -3.959292e+01 -2.610385e+01 
-2.824936e+01 -2.939948e+01 -2.901648e+01 -2.137686e+01 -2.904788e+01 -2.863379e+01 -2.680495e+01 -2.978015e+01 -6.190448e+01 -4.140108e+01 
-2.936039e+01 -2.867574e+01 -2.845166e+01 -3.535530e+01 -2.721247e+01 -3.163953e+01 -2.710877e+01 -2.691515e+01 3.934331e-01 -3.595545e+01 
-2.933538e+01 -3.037560e+01 -2.948383e+01 -2.310716e+01 -2.911855e+01 -3.076113e+01 -2.478195e+01 -2.913237e+01 -6.017479e+01 -5.567413e+01 
-2.987105e+01 -2.931789e+01 -2.948809e+01 -3.447584e+01 -2.681604e+01 -2.863379e+01 -3.057567e+01 -2.727337e+01 -6.772656e+00 -2.332559e+01 
-2.867788e+01 -2.820587e+01 -2.847496e+01 -3.260275e+01 -2.801100e+01 -2.905398e+01 -3.025743e+01 -2.809872e+01 -9.244028e+00 -1.844746e+01 
-2.910156e+01 -2.879385e+01 -2.852890e+01 -3.152593e+01 -2.961952e+01 -3.032822e+01 -2.694675e+01 -2.825887e+01 -1.703758e+01 -3.736937e+01 
-2.917614e+01 -2.912128e+01 -2.913160e+01 -2.957964e+01 -3.071525e+01 -3.032822e+01 -2.919572e+01 -2.893229e+01 -2.712708e+01 -2.876846e+01 
-2.921341e+01 -2.900000e+01 -2.892168e+01 -3.087518e+01 -2.836072e+01 -2.946887e+01 -2.843718e+01 -2.758935e+01 -2.094094e+01 -3.159973e+01 
-2.931575e+01 -2.930126e+01 -2.886090e+01 -2.941749e+01 -2.900000e+01 -2.989945e+01 -2.634213e+01 -2.833576e+01 -2.878536e+01 -4.293778e+01 
-2.837415e+01 -2.875879e+01 -2.882400e+01 -2.572761e+01 -2.771895e+01 -2.740941e+01 -2.922908e+01 -2.937898e+01 -4.142789e+01 -2.654293e+01 
-2.923490e+01 -2.922122e+01 -2.876947e+01 -2.933553e+01 -3.013776e+01 -2.863379e+01 -2.618525e+01 -2.901704e+01 -2.872940e+01 -4.320487e+01 
-2.963571e+01 -2.964539e+01 -2.922614e+01 -2.955697e+01 -2.955979e+01 -2.905398e+01 -2.683872e+01 -2.961262e+01 -2.998802e+01 -4.262302e+01 
-2.926371e+01 -2.947457e+01 -2.870707e+01 -2.778869e+01 -2.935553e+01 -2.946887e+01 -2.453265e+01 -3.092973e+01 -3.661266e+01 -5.184671e+01 
-2.906920e+01 -2.929925e+01 -2.865861e+01 -2.746269e+01 -2.994255e+01 -2.946887e+01 -2.510003e+01 -2.812025e+01 -3.705866e+01 -4.842854e+01 
-2.947151e+01 -2.982292e+01 -2.932245e+01 -2.709066e+01 -2.782853e+01 -2.740941e+01 -2.650381e+01 -3.004258e+01 -4.134589e+01 -4.511623e+01 
-2.992417e+01 -2.956480e+01 -2.900936e+01 -3.276442e+01 -2.800385e+01 -2.989945e+01 -2.589637e+01 -2.828023e+01 -1.566858e+01 -4.638825e+01 
-2.879660e+01 -2.884600e+01 -2.816565e+01 -2.843323e+01 -2.962811e+01 -2.905398e+01 -2.437770e+01 -2.894778e+01 -3.056734e+01 -4.908889e+01 
-2.917231e+01 -2.872264e+01 -2.875334e+01 -3.286796e+01 -2.809853e+01 -2.905398e+01 -2.894587e+01 -2.772987e+01 -1.078104e+01 -2.767049e+01 
-2.941275e+01 -2.979163e+01 -2.925564e+01 -2.685740e+01 -2.848625e+01 -2.822430e+01 -2.625237e+01 -2.888957e+01 -4.214754e+01 -4.606394e+01 
-2.893294e+01 -2.913258e+01 -2.870511e+01 -2.752289e+01 -2.809115e+01 -2.946887e+01 -2.624185e+01 -2.797969e+01 -3.593751e+01 -4.245175e+01 
-2.897750e+01 -2.952041e+01 -2.899496e+01 -2.540506e+01 -2.873786e+01 -2.989945e+01 -2.603441e+01 -2.830379e+01 -4.667529e+01 -4.552984e+01 
-2.843323e+01 -2.798812e+01 -2.825171e+01 -3.212240e+01 -2.942483e+01 -2.905398e+01 -3.000105e+01 -2.826490e+01 -1.020933e+01 -1.842938e+01 
-3.027985e+01 -2.982398e+01 -2.956238e+01 -3.395075e+01 -3.063883e+01 -2.905398e+01 -2.802976e+01 -2.869553e+01 -1.177985e+01 -3.820020e+01 
-2.900329e+01 -3.016142e+01 -2.874787e+01 -2.216848e+01 -2.864595e+01 -2.863379e+01 -2.179592e+01 -2.879196e+01 -6.270215e+01 -6.699136e+01 
-3.066887e+01 -3.043642e+01 -2.975894e+01 -3.242748e+01 -2.933781e+01 -2.822430e+01 -2.607791e+01 -3.139135e+01 -2.177431e+01 -5.039797e+01 
-2.882720e+01 -2.938626e+01 -2.853696e+01 -2.515722e+01 -2.558848e+01 -2.822430e+01 -2.397706e+01 -2.717007e+01 -4.698231e+01 -5.379813e+01 
-2.882639e+01 -2.917549e+01 -2.838923e+01 -2.643679e+01 -2.948817e+01 -2.905398e+01 -2.411098e+01 -2.923748e+01 -4.067689e+01 -5.208522e+01 
-2.886135e+01 -2.886515e+01 -2.845181e+01 -2.883339e+01 -3.008895e+01 -2.989945e+01 -2.605502e+01 -2.815275e+01 -2.900000e+01 -4.180096e+01 
-2.864522e+01 -2.883135e+01 -2.841252e+01 -2.731712e+01 -2.685886e+01 -2.781506e+01 -2.598303e+01 -2.751729e+01 -3.522426e+01 -4.193758e+01 
-2.948471e+01 -2.919475e+01 -2.871121e+01 -3.174213e+01 -2.916232e+01 -2.946887e+01 -2.594890e+01 -2.999571e+01 -1.820565e+01 -4.411169e+01 
-2.863466e+01 -2.894566e+01 -2.846857e+01 -2.648175e+01 -3.256081e+01 -2.781506e+01 -2.573651e+01 -2.914823e+01 -3.928931e+01 -4.366933e+01 
-2.877264e+01 -2.910186e+01 -2.813379e+01 -2.651803e+01 -2.859166e+01 -2.905398e+01 -2.300326e+01 -2.993299e+01 -3.995445e+01 -5.641258e+01 
-2.944688e+01 -2.940342e+01 -2.939401e+01 -2.975227e+01 -2.908522e+01 -2.989945e+01 -2.933295e+01 -2.801048e+01 -2.784512e+01 -2.972175e+01 
-2.975080e+01 -2.940382e+01 -2.874811e+01 -3.249244e+01 -2.859919e+01 -2.989945e+01 -2.511972e+01 -2.848904e+01 -1.601549e+01 -4.891674e+01 
-2.988765e+01 -3.011747e+01 -2.939108e+01 -2.828844e+01 -2.924391e+01 -2.946887e+01 -2.545504e+01 -2.904036e+01 -3.783624e+01 -5.136894e+01 
-2.925617e+01 -2.831354e+01 -2.836252e+01 -3.826515e+01 -2.910633e+01 -2.946887e+01 -2.866966e+01 -2.847997e+01 1.503690e+01 -2.662451e+01 
-2.824984e+01 -2.831766e+01 -2.813694e+01 -2.775271e+01 -2.907830e+01 -2.905398e+01 -2.704010e+01 -2.872782e+01 -3.070448e+01 -3.425404e+01 
-2.838819e+01 -2.870480e+01 -2.821845e+01 -2.619095e+01 -2.946605e+01 -3.032822e+01 -2.542787e+01 -2.859998e+01 -3.923500e+01 -4.370598e+01 
-2.845765e+01 -2.852218e+01 -2.804091e+01 -2.798589e+01 -2.985607e+01 -3.119822e+01 -2.526967e+01 -3.023855e+01 -3.079170e+01 -4.339672e+01 
-2.877168e+01 -2.933391e+01 -2.869655e+01 -2.508464e+01 -2.758747e+01 -2.946887e+01 -2.515634e+01 -2.881769e+01 -4.700435e+01 -4.837281e+01 
-2.832399e+01 -2.919562e+01 -2.849344e+01 -2.286551e+01 -3.063716e+01 -2.905398e+01 -2.461528e+01 -2.770740e+01 -5.514850e+01 -4.997546e+01 
-2.832204e+01 -2.884733e+01 -2.855497e+01 -2.481166e+01 -2.817715e+01 -2.905398e+01 -2.682308e+01 -2.855828e+01 -4.559602e+01 -3.823006e+01 
-2.954157e+01 -2.936985e+01 -2.918864e+01 -3.084533e+01 -3.130960e+01 -2.946887e+01 -2.811329e+01 -2.922998e+01 -2.302361e+01 -3.524618e+01 
-2.888089e+01 -2.903174e+01 -2.879257e+01 -2.780921e+01 -2.751287e+01 -2.905398e+01 -2.737953e+01 -2.685119e+01 -3.420577e+01 -3.671871e+01 
-2.780911e+01 -2.833089e+01 -2.765037e+01 -2.429417e+01 -2.883830e+01 -2.989945e+01 -2.384906e+01 -2.857225e+01 -4.500715e+01 -4.861576e+01 
-2.886269e+01 -2.911848e+01 -2.882748e+01 -2.708047e+01 -2.856459e+01 -2.946887e+01 -2.711807e+01 -2.978689e+01 -3.770984e+01 -3.840596e+01 
-2.871329e+01 -2.893282e+01 -2.915657e+01 -2.716614e+01 -2.822541e+01 -2.905398e+01 -3.061503e+01 -2.877092e+01 -3.638102e+01 -2.091467e+01 
-3.013586e+01 -2.913453e+01 -2.870360e+01 -3.975694e+01 -2.914428e+01 -3.032822e+01 -2.622178e+01 -2.729972e+01 1.747795e+01 -4.255279e+01 
-2.781892e+01 -2.764397e+01 -2.762230e+01 -2.918374e+01 -2.853446e+01 -2.946887e+01 -2.748567e+01 -2.665104e+01 -2.110321e+01 -2.838323e+01 
-3.090592e+01 -3.040060e+01 -2.956227e+01 -3.498202e+01 -2.778249e+01 -2.905398e+01 -2.511058e+01 -2.838106e+01 -1.020368e+01 -5.440366e+01 
-2.866234e+01 -2.820647e+01 -2.843624e+01 -3.243740e+01 -3.071755e+01 -3.032822e+01 -2.994601e+01 -2.905919e+01 -9.971304e+00 -1.994934e+01 
-3.032601e+01 -2.897774e+01 -2.920017e+01 -4.529052e+01 -2.857774e+01 -2.905398e+01 -3.065373e+01 -2.864605e+01 4.198836e+01 -2.098654e+01 
-2.952398e+01 -2.966442e+01 -2.910871e+01 -2.852482e+01 -2.786578e+01 -3.076113e+01 -2.600123e+01 -2.625669e+01 -3.448671e+01 -4.647472e+01 
-2.890951e+01 -2.947068e+01 -2.892011e+01 -2.522704e+01 -2.728692e+01 -2.863379e+01 -2.582911e+01 -2.806884e+01 -4.713696e+01 -4.616559e+01 
-2.812081e+01 -2.910320e+01 -2.854897e+01 -2.207194e+01 -2.756705e+01 -2.863379e+01 -2.541899e+01 -2.867030e+01 -5.775912e+01 -4.595022e+01 
-2.917098e+01 -2.880656e+01 -2.877713e+01 -3.209005e+01 -3.155667e+01 -3.032822e+01 -2.859434e+01 -2.712277e+01 -1.464100e+01 -2.979040e+01 
-2.960586e+01 -2.927468e+01 -2.893104e+01 -3.221858e+01 -2.883736e+01 -2.863379e+01 -2.693123e+01 -2.907606e+01 -1.653609e+01 -4.013023e+01 
-2.897015e+01 -2.779172e+01 -2.810172e+01 -4.138673e+01 -3.234678e+01 -2.905398e+01 -3.018481e+01 -2.962886e+01 3.103062e+01 -1.641428e+01 
-2.904096e+01 -2.959593e+01 -2.878236e+01 -2.540133e+01 -2.834883e+01 -2.989945e+01 -2.440319e+01 -3.055646e+01 -4.708087e+01 -5.306159e+01 
-2.948941e+01 -2.925220e+01 -2.894767e+01 -3.130284e+01 -2.878754e+01 -2.989945e+01 -2.715079e+01 -3.042240e+01 -2.042773e+01 -3.901754e+01 
-2.894574e+01 -2.944398e+01 -2.886981e+01 -2.563864e+01 -2.714854e+01 -2.863379e+01 -2.565879e+01 -2.687297e+01 -4.533309e+01 -4.677126e+01 
-2.816563e+01 -2.840259e+01 -2.828511e+01 -2.648836e+01 -3.056455e+01 -3.076113e+01 -2.756491e+01 -2.856830e+01 -3.643279e+01 -3.231049e+01 
-2.885010e+01 -2.890963e+01 -2.870260e+01 -2.841223e+01 -2.728244e+01 -2.989945e+01 -2.746076e+01 -2.748530e+01 -3.098490e+01 -3.565820e+01 
-2.908236e+01 -2.988559e+01 -2.871018e+01 -2.404503e+01 -2.800376e+01 -2.822430e+01 -2.272318e+01 -3.063125e+01 -5.396956e+01 -6.175558e+01 
-2.925859e+01 -2.927210e+01 -2.910258e+01 -2.915921e+01 -2.709820e+01 -2.905398e+01 -2.808796e+01 -2.841709e+01 -2.975067e+01 -3.480982e+01 
-2.917523e+01 -2.868208e+01 -2.879327e+01 -3.327513e+01 -2.900000e+01 -2.905398e+01 -2.950549e+01 -2.943565e+01 -8.774797e+00 -2.475320e+01 
-3.027223e+01 -3.027270e+01 -2.988484e+01 -3.026883e+01 -2.905628e+01 -2.946887e+01 -2.767397e+01 -2.928547e+01 -3.028966e+01 -4.235380e+01 
-2.852515e+01 -2.913803e+01 -2.889172e+01 -2.450958e+01 -3.021240e+01 -3.032822e+01 -2.742983e+01 -2.984792e+01 -4.830290e+01 -3.709032e+01 
-2.934275e+01 -2.948739e+01 -2.839829e+01 -2.830547e+01 -2.930128e+01 -2.822430e+01 -2.275476e+01 -3.029201e+01 -3.445459e+01 -5.951200e+01 
-2.996305e+01 -2.967962e+01 -2.933047e+01 -3.215933e+01 -2.905380e+01 -2.905398e+01 -2.731097e+01 -2.935252e+01 -1.893543e+01 -4.067545e+01 
-2.750484e+01 -2.758026e+01 -2.725574e+01 -2.694657e+01 -2.626119e+01 -2.863379e+01 -2.531278e+01 -2.562887e+01 -3.024176e+01 -3.797553e+01 
-2.785552e+01 -2.815028e+01 -2.748014e+01 -2.578328e+01 -2.822155e+01 -2.822430e+01 -2.372197e+01 -2.768074e+01 -3.803173e+01 -4.818322e+01 
-2.894271e+01 -2.907105e+01 -2.869421e+01 -2.802405e+01 -2.656103e+01 -2.863379e+01 -2.650472e+01 -2.663578e+01 -3.350849e+01 -4.092286e+01 
-2.954796e+01 -2.975302e+01 -2.893527e+01 -2.811794e+01 -2.576740e+01 -2.863379e+01 -2.453865e+01 -2.681177e+01 -3.669186e+01 -5.333548e+01 
-2.867192e+01 -2.861926e+01 -2.852151e+01 -2.906590e+01 -2.977901e+01 -2.989945e+01 -2.792198e+01 -2.732622e+01 -2.671787e+01 -3.188001e+01 
-2.965275e+01 -2.937373e+01 -2.882194e+01 -3.182356e+01 -2.846782e+01 -2.989945e+01 -2.572534e+01 -2.768961e+01 -1.878777e+01 -4.608894e+01 
-2.927817e+01 -2.925864e+01 -2.865173e+01 -2.941718e+01 -3.024300e+01 -2.989945e+01 -2.526142e+01 -3.029838e+01 -2.856184e+01 -4.749856e+01 
-2.923511e+01 -2.936588e+01 -2.883863e+01 -2.830657e+01 -2.855988e+01 -2.905398e+01 -2.586735e+01 -3.040734e+01 -3.381193e+01 -4.541593e+01 
-3.019998e+01 -2.987141e+01 -2.970969e+01 -3.276479e+01 -2.848479e+01 -2.989945e+01 -2.874444e+01 -2.925465e+01 -1.728896e+01 -3.515444e+01 
-2.896415e+01 -2.929849e+01 -2.879798e+01 -2.667350e+01 -2.858948e+01 -2.946887e+01 -2.596607e+01 -2.900000e+01 -4.033508e+01 -4.460351e+01 
-2.811009e+01 -2.833568e+01 -2.820430e+01 -2.650819e+01 -2.680501e+01 -2.946887e+01 -2.740020e+01 -2.718029e+01 -3.600208e+01 -3.269467e+01 
-2.987769e+01 -2.902330e+01 -2.893607e+01 -3.771157e+01 -2.964087e+01 -2.989945e+01 -2.839422e+01 -2.996508e+01 9.020833e+00 -3.192870e+01 
-2.865686e+01 -2.892046e+01 -2.880531e+01 -2.681419e+01 -2.758627e+01 -2.905398e+01 -2.811163e+01 -2.806440e+01 -3.778147e+01 -3.270761e+01 
-2.914417e+01 -2.946666e+01 -2.866201e+01 -2.694047e+01 -2.900000e+01 -2.863379e+01 -2.430769e+01 -2.757922e+01 -4.010748e+01 -5.276771e+01 
-2.879031e+01 -2.896780e+01 -2.889996e+01 -2.754177e+01 -2.981679e+01 -2.946887e+01 -2.847861e+01 -2.948837e+01 -3.499291e+01 -3.123037e+01 
-2.898238e+01 -2.866534e+01 -2.819955e+01 -3.150052e+01 -3.037897e+01 -2.905398e+01 -2.551678e+01 -2.852514e+01 -1.646516e+01 -4.309229e+01 
-2.941055e+01 -2.952568e+01 -2.900304e+01 -2.858585e+01 -2.658895e+01 -2.905398e+01 -2.605722e+01 -2.694111e+01 -3.350483e+01 -4.545763e+01 
-2.882584e+01 -2.896291e+01 -2.863066e+01 -2.785270e+01 -2.870079e+01 -2.946887e+01 -2.668354e+01 -2.803330e+01 -3.366219e+01 -3.950801e+01 
-2.920140e+01 -2.932046e+01 -2.907771e+01 -2.835118e+01 -2.943438e+01 -2.989945e+01 -2.764216e+01 -2.923459e+01 -3.339126e+01 -3.714019e+01 
-2.916125e+01 -2.882642e+01 -2.867794e+01 -3.182431e+01 -2.728808e+01 -2.905398e+01 -2.777217e+01 -2.719772e+01 -1.590552e+01 -3.375480e+01 
-3.021131e+01 -2.972922e+01 -2.914411e+01 -3.412482e+01 -3.027986e+01 -3.032822e+01 -2.589176e+01 -2.780882e+01 -1.050318e+01 -4.731758e+01 
-2.893688e+01 -2.903914e+01 -2.835951e+01 -2.820166e+01 -2.915136e+01 -2.781506e+01 -2.459044e+01 -2.861740e+01 -3.259133e+01 -4.922033e+01 
-2.891316e+01 -2.907851e+01 -2.903530e+01 -2.773944e+01 -2.783374e+01 -2.822430e+01 -2.876691e+01 -2.777348e+01 -3.474450e+01 -3.053831e+01 
-2.838503e+01 -2.946848e+01 -2.852816e+01 -2.185315e+01 -2.811460e+01 -2.863379e+01 -2.355125e+01 -2.795883e+01 -6.043427e+01 -5.605859e+01 
-2.971353e+01 -2.905681e+01 -2.924438e+01 -3.538070e+01 -2.772227e+01 -2.946887e+01 -3.045080e+01 -2.984975e+01 -1.470270e+00 -2.242047e+01 
-2.896309e+01 -2.925283e+01 -2.888914e+01 -2.694570e+01 -2.627459e+01 -2.822430e+01 -2.676859e+01 -2.814016e+01 -3.898078e+01 -4.075757e+01 
-2.865659e+01 -2.850205e+01 -2.842881e+01 -2.984157e+01 -2.879854e+01 -2.905398e+01 -2.797683e+01 -2.938255e+01 -2.278224e+01 -3.095968e+01 
-2.964582e+01 -2.989457e+01 -2.956611e+01 -2.792940e+01 -2.767637e+01 -2.822430e+01 -2.766537e+01 -2.991600e+01 -3.822626e+01 -4.026805e+01 
-2.880044e+01 -2.929801e+01 -2.814303e+01 -2.549817e+01 -2.633148e+01 -2.946887e+01 -2.219679e+01 -2.821653e+01 -4.514736e+01 -6.082576e+01 
-3.027764e+01 -3.032622e+01 -2.969492e+01 -2.993106e+01 -2.927779e+01 -2.989945e+01 -2.623546e+01 -2.783028e+01 -3.202247e+01 -4.909681e+01 
-2.872848e+01 -2.926113e+01 -2.837483e+01 -2.520251e+01 -2.918920e+01 -2.946887e+01 -2.363380e+01 -2.910736e+01 -4.615321e+01 -5.459039e+01 
-3.035045e+01 -2.970964e+01 -2.986314e+01 -3.579848e+01 -3.097513e+01 -2.905398e+01 -3.083530e+01 -3.106271e+01 -3.019750e+00 -2.433825e+01 
-2.843022e+01 -2.858966e+01 -2.856072e+01 -2.728785e+01 -2.653427e+01 -2.905398e+01 -2.837044e+01 -2.736274e+01 -3.407867e+01 -2.956939e+01 
-2.893867e+01 -2.881586e+01 -2.845357e+01 -2.986122e+01 -3.031231e+01 -3.032822e+01 -2.633045e+01 -2.990919e+01 -2.435368e+01 -4.028955e+01 
-2.900000e+01 -2.926543e+01 -2.895394e+01 -2.715672e+01 -2.983128e+01 -3.076113e+01 -2.713076e+01 -2.867339e+01 -3.815785e+01 -3.917081e+01 
-2.908150e+01 -2.942666e+01 -2.881558e+01 -2.672749e+01 -2.905031e+01 -3.076113e+01 -2.541952e+01 -3.018364e+01 -4.078033e+01 -4.772957e+01 
-2.919027e+01 -2.893974e+01 -2.893562e+01 -3.115055e+01 -3.129039e+01 -2.989945e+01 -2.891007e+01 -2.962779e+01 -1.943122e+01 -2.907917e+01 
-2.911870e+01 -2.818341e+01 -2.843374e+01 -3.806159e+01 -2.709097e+01 -2.989945e+01 -3.008601e+01 -2.922089e+01 1.479696e+01 -1.914379e+01 
-2.973975e+01 -2.978173e+01 -2.972192e+01 -2.943236e+01 -2.750862e+01 -2.822430e+01 -2.935501e+01 -2.870216e+01 -3.125414e+01 -3.177907e+01 
-2.881261e+01 -2.838565e+01 -2.802231e+01 -3.232382e+01 -3.208622e+01 -2.946887e+01 -2.588621e+01 -3.025109e+01 -1.140457e+01 -3.988450e+01 
-2.858774e+01 -2.826495e+01 -2.839670e+01 -3.117171e+01 -2.845085e+01 -3.032822e+01 -2.924320e+01 -2.784000e+01 -1.579384e+01 -2.363646e+01 
-2.909559e+01 -3.014238e+01 -2.860448e+01 -2.281465e+01 -2.926226e+01 -2.822430e+01 -2.115703e+01 -2.883481e+01 -6.012803e+01 -6.945021e+01 
-2.788974e+01 -2.817830e+01 -2.784252e+01 -2.585972e+01 -2.593738e+01 -2.905398e+01 -2.585349e+01 -2.719566e+01 -3.786284e+01 -3.887558e+01 
-2.910516e+01 -2.903941e+01 -2.863020e+01 -2.958882e+01 -2.923015e+01 -2.989945e+01 -2.626484e+01 -2.929884e+01 -2.665296e+01 -4.182630e+01 
-2.841525e+01 -2.824413e+01 -2.810978e+01 -2.972348e+01 -2.962041e+01 -2.946887e+01 -2.728677e+01 -3.031283e+01 -2.187513e+01 -3.270187e+01 
-2.795752e+01 -2.896904e+01 -2.799878e+01 -2.174651e+01 -2.889485e+01 -2.946887e+01 -2.285045e+01 -2.648517e+01 -5.833598e+01 -5.634436e+01 
-2.870281e+01 -2.887199e+01 -2.869547e+01 -2.749451e+01 -3.001430e+01 -2.822430e+01 -2.762855e+01 -2.953364e+01 -3.469224e+01 -3.467376e+01 
-2.833816e+01 -2.839298e+01 -2.787939e+01 -2.793573e+01 -2.907548e+01 -2.822430e+01 -2.493081e+01 -2.911841e+01 -3.032700e+01 -4.418076e+01 
-2.915639e+01 -2.898040e+01 -2.838198e+01 -3.050936e+01 -3.093758e+01 -2.946887e+01 -2.502058e+01 -2.881620e+01 -2.242205e+01 -4.702348e+01 
-2.913145e+01 -2.848394e+01 -2.847387e+01 -3.474759e+01 -2.868622e+01 -2.989945e+01 -2.840148e+01 -2.759783e+01 -1.215503e+00 -2.882691e+01 
-2.933311e+01 -2.953186e+01 -2.908898e+01 -2.794067e+01 -2.522276e+01 -2.989945e+01 -2.656281e+01 -2.808791e+01 -3.627554e+01 -4.323170e+01 
-2.912542e+01 -2.924912e+01 -2.893884e+01 -2.823116e+01 -2.585114e+01 -2.781506e+01 -2.711045e+01 -2.541930e+01 -3.358012e+01 -3.918382e+01 
-2.904535e+01 -2.922265e+01 -2.922217e+01 -2.778089e+01 -2.796952e+01 -2.989945e+01 -2.921918e+01 -2.886883e+01 -3.533369e+01 -2.924262e+01 
-2.884045e+01 -2.930845e+01 -2.895203e+01 -2.571621e+01 -2.824308e+01 -2.905398e+01 -2.688265e+01 -2.992729e+01 -4.431524e+01 -4.053982e+01 
-2.793353e+01 -2.840293e+01 -2.799493e+01 -2.474751e+01 -2.541350e+01 -2.989945e+01 -2.561410e+01 -2.897784e+01 -4.355740e+01 -4.120134e+01 
-2.952757e+01 -2.982434e+01 -2.906467e+01 -2.749637e+01 -2.770682e+01 -2.905398e+01 -2.495116e+01 -2.914514e+01 -3.966741e+01 -5.195051e+01 
-2.963121e+01 -2.962452e+01 -2.918604e+01 -2.966799e+01 -3.201097e+01 -3.032822e+01 -2.669215e+01 -3.089036e+01 -2.938706e+01 -4.316679e+01 
-2.929344e+01 -2.916573e+01 -2.918211e+01 -3.024931e+01 -2.644426e+01 -2.905398e+01 -2.928385e+01 -2.887468e+01 -2.452596e+01 -2.860316e+01 
-2.754273e+01 -2.768130e+01 -2.782274e+01 -2.653157e+01 -2.802452e+01 -2.905398e+01 -2.874056e+01 -2.855737e+01 -3.249944e+01 -2.268489e+01 
-2.848552e+01 -2.897476e+01 -2.840920e+01 -2.520735e+01 -2.948551e+01 -2.989945e+01 -2.521633e+01 -2.862690e+01 -4.465351e+01 -4.613282e+01 
-2.869589e+01 -2.889036e+01 -2.876145e+01 -2.731587e+01 -2.943524e+01 -2.905398e+01 -2.798874e+01 -2.854205e+01 -3.553518e+01 -3.310919e+01 
-2.780085e+01 -2.829470e+01 -2.813048e+01 -2.445655e+01 -2.772926e+01 -2.863379e+01 -2.713062e+01 -2.915037e+01 -4.417008e+01 -3.370784e+01 
-2.854487e+01 -2.879617e+01 -2.806128e+01 -2.677262e+01 -2.823021e+01 -2.863379e+01 -2.400871e+01 -2.751558e+01 -3.731192e+01 -5.046626e+01 
-2.846957e+01 -2.843975e+01 -2.836927e+01 -2.868969e+01 -2.737023e+01 -2.905398e+01 -2.793370e+01 -3.125077e+01 -2.736784e+01 -3.080714e+01 
-2.848302e+01 -2.880316e+01 -2.858338e+01 -2.625781e+01 -2.792175e+01 -3.032822e+01 -2.726015e+01 -2.890132e+01 -3.947795e+01 -3.598589e+01 
-2.816910e+01 -2.926870e+01 -2.866599e+01 -2.153622e+01 -3.006450e+01 -2.989945e+01 -2.529757e+01 -3.027883e+01 -6.064419e+01 -4.739522e+01 
-2.989756e+01 -2.981350e+01 -2.921044e+01 -3.051919e+01 -2.761529e+01 -2.946887e+01 -2.587621e+01 -2.795542e+01 -2.677908e+01 -4.785164e+01 
-3.037569e+01 -2.983341e+01 -2.988971e+01 -3.483523e+01 -3.203098e+01 -2.989945e+01 -3.023903e+01 -3.240258e+01 -7.869759e+00 -2.790679e+01 
-2.938020e+01 -2.866446e+01 -2.865018e+01 -3.570621e+01 -2.929127e+01 -3.076113e+01 -2.855611e+01 -2.869815e+01 2.000011e+00 -2.914911e+01 
-2.787720e+01 -2.836738e+01 -2.793504e+01 -2.455982e+01 -2.882297e+01 -3.076113e+01 -2.542057e+01 -2.915147e+01 -4.412975e+01 -4.186803e+01 
-2.873673e+01 -2.870149e+01 -2.854845e+01 -2.900000e+01 -2.928930e+01 -2.905398e+01 -2.762015e+01 -2.853206e+01 -2.743468e+01 -3.374573e+01 
-2.896368e+01 -2.941428e+01 -2.878313e+01 -2.594608e+01 -3.024718e+01 -3.076113e+01 -2.528775e+01 -3.036205e+01 -4.392682e+01 -4.823946e+01 
-2.925046e+01 -2.903557e+01 -2.894846e+01 -3.090644e+01 -2.657068e+01 -2.946887e+01 -2.840738e+01 -2.708889e+01 -2.099482e+01 -3.193905e+01 
-2.967459e+01 -2.902558e+01 -2.870972e+01 -3.526669e+01 -2.755013e+01 -2.946887e+01 -2.685533e+01 -2.792423e+01 -1.811945e+00 -3.907886e+01 
-2.904466e+01 -2.890795e+01 -2.856981e+01 -3.008036e+01 -2.913411e+01 -2.946887e+01 -2.658718e+01 -2.813146e+01 -2.389179e+01 -3.963855e+01 
-2.858258e+01 -2.933913e+01 -2.888668e+01 -2.377235e+01 -3.097778e+01 -2.781506e+01 -2.630373e+01 -2.995588e+01 -5.230385e+01 -4.332083e+01 
-2.873948e+01 -2.898238e+01 -2.866211e+01 -2.703773e+01 -3.168496e+01 -2.863379e+01 -2.678213e+01 -2.855971e+01 -3.717431e+01 -3.916932e+01 
-2.968983e+01 -2.923241e+01 -2.909033e+01 -3.339618e+01 -3.051185e+01 -3.076113e+01 -2.822424e+01 -2.799101e+01 -1.113563e+01 -3.396348e+01 
-2.953013e+01 -2.951900e+01 -2.938899e+01 -2.960174e+01 -2.722835e+01 -2.863379e+01 -2.860198e+01 -2.844716e+01 -2.912365e+01 -3.380335e+01 
-2.779917e+01 -2.790994e+01 -2.778311e+01 -2.698924e+01 -2.625267e+01 -2.740941e+01 -2.700149e+01 -2.844401e+01 -3.178026e+01 -3.213265e+01 
-2.946987e+01 -2.900634e+01 -2.881839e+01 -3.326349e+01 -2.753127e+01 -2.946887e+01 -2.769757e+01 -2.868361e+01 -1.052503e+01 -3.511133e+01 
-2.973586e+01 -2.935783e+01 -2.941261e+01 -3.274748e+01 -2.792776e+01 -3.119822e+01 -2.975469e+01 -2.773298e+01 -1.465073e+01 -2.747839e+01 
-2.866638e+01 -2.911254e+01 -2.939542e+01 -2.565867e+01 -2.902450e+01 -2.946887e+01 -3.124697e+01 -2.929244e+01 -4.353612e+01 -1.889630e+01 
-2.856591e+01 -2.813108e+01 -2.811371e+01 -3.215207e+01 -3.125039e+01 -3.119822e+01 -2.800480e+01 -3.001570e+01 -1.082539e+01 -2.872252e+01 
-2.905278e+01 -2.940358e+01 -2.920176e+01 -2.666094e+01 -2.889445e+01 -2.946887e+01 -2.800923e+01 -2.900000e+01 -4.093490e+01 -3.591839e+01 
-2.900217e+01 -2.877720e+01 -2.860266e+01 -3.073386e+01 -3.032785e+01 -2.822430e+01 -2.753932e+01 -2.808006e+01 -2.039019e+01 -3.455635e+01 
-2.934673e+01 -2.940297e+01 -2.887854e+01 -2.894031e+01 -3.070919e+01 -2.905398e+01 -2.592117e+01 -2.906588e+01 -3.137397e+01 -4.538239e+01 
-2.922969e+01 -2.849865e+01 -2.865719e+01 -3.575941e+01 -2.742985e+01 -2.946887e+01 -2.966747e+01 -2.747259e+01 3.088113e+00 -2.290297e+01 
-2.929687e+01 -3.003753e+01 -2.940341e+01 -2.461728e+01 -2.907207e+01 -2.946887e+01 -2.591584e+01 -2.898504e+01 -5.249298e+01 -4.891282e+01 
-2.953296e+01 -2.941808e+01 -2.905832e+01 -3.039357e+01 -3.152282e+01 -2.905398e+01 -2.697426e+01 -2.935814e+01 -2.523064e+01 -4.073841e+01 
-2.914051e+01 -2.956761e+01 -2.909288e+01 -2.627974e+01 -3.030759e+01 -3.032822e+01 -2.640024e+01 -2.853228e+01 -4.335803e+01 -4.415982e+01 
-2.934137e+01 -2.921076e+01 -2.871178e+01 -3.031455e+01 -2.802622e+01 -2.946887e+01 -2.586793e+01 -2.720830e+01 -2.448530e+01 -4.456229e+01 
-2.997734e+01 -3.005597e+01 -2.956568e+01 -2.941305e+01 -2.881250e+01 -2.905398e+01 -2.680891e+01 -2.812121e+01 -3.278658e+01 -4.504708e+01 
-2.890098e+01 -2.919903e+01 -2.866969e+01 -2.683519e+01 -2.876612e+01 -2.946887e+01 -2.566789e+01 -2.814634e+01 -3.915398e+01 -4.538469e+01 
-2.910684e+01 -2.957001e+01 -2.877705e+01 -2.602195e+01 -2.988312e+01 -2.863379e+01 -2.449541e+01 -2.869011e+01 -4.442554e+01 -5.252585e+01 
-2.958448e+01 -2.976802e+01 -2.950970e+01 -2.828641e+01 -2.915796e+01 -3.032822e+01 -2.799429e+01 -2.900000e+01 -3.600702e+01 -3.804727e+01 
-2.933523e+01 -2.936700e+01 -2.881490e+01 -2.910412e+01 -3.050428e+01 -2.905398e+01 -2.571692e+01 -2.862119e+01 -3.048681e+01 -4.608900e+01 
-2.856320e+01 -2.865921e+01 -2.819617e+01 -2.786726e+01 -2.860439e+01 -2.905398e+01 -2.552781e+01 -2.862405e+01 -3.200949e+01 -4.300919e+01 
-2.850049e+01 -2.851725e+01 -2.841073e+01 -2.836646e+01 -3.171671e+01 -2.989945e+01 -2.775748e+01 -2.892940e+01 -2.911311e+01 -3.206630e+01 
-2.997852e+01 -2.923885e+01 -2.901897e+01 -3.647875e+01 -2.922378e+01 -2.989945e+01 -2.769962e+01 -2.962451e+01 2.442097e+00 -3.642641e+01 
-2.757657e+01 -2.820747e+01 -2.827955e+01 -2.341046e+01 -2.712559e+01 -2.863379e+01 -2.873666e+01 -2.846290e+01 -4.795519e+01 -2.570775e+01 
-2.869967e+01 -2.936674e+01 -2.929318e+01 -2.438783e+01 -2.822889e+01 -2.822430e+01 -2.884412e+01 -2.858204e+01 -4.995949e+01 -3.182179e+01 
-2.876432e+01 -2.856274e+01 -2.828551e+01 -3.034170e+01 -2.768297e+01 -2.946887e+01 -2.663653e+01 -2.956042e+01 -2.094811e+01 -3.747853e+01 
-2.902035e+01 -2.878340e+01 -2.872653e+01 -3.085074e+01 -2.829448e+01 -3.032822e+01 -2.835532e+01 -2.905674e+01 -1.991627e+01 -3.074914e+01 
-2.802700e+01 -2.810027e+01 -2.785416e+01 -2.748882e+01 -2.845477e+01 -2.863379e+01 -2.637267e+01 -2.967111e+01 -3.067870e+01 -3.608651e+01 
-2.876809e+01 -2.952648e+01 -2.885802e+01 -2.397269e+01 -3.220544e+01 -2.905398e+01 -2.517679e+01 -2.835700e+01 -5.246701e+01 -4.934089e+01 
-2.869016e+01 -2.878378e+01 -2.848446e+01 -2.800135e+01 -2.950967e+01 -2.905398e+01 -2.670747e+01 -3.067679e+01 -3.210527e+01 -3.840418e+01 
-2.905247e+01 -2.948825e+01 -2.878676e+01 -2.613022e+01 -2.946329e+01 -3.032822e+01 -2.494474e+01 -2.735538e+01 -4.355811e+01 -5.014121e+01 
-2.892106e+01 -2.858743e+01 -2.886474e+01 -3.158674e+01 -2.910017e+01 -3.119822e+01 -3.069946e+01 -2.822118e+01 -1.568055e+01 -1.851247e+01 
-2.923275e+01 -2.961245e+01 -2.949512e+01 -2.667844e+01 -2.820358e+01 -2.905398e+01 -2.878677e+01 -2.878570e+01 -4.195162e+01 -3.348689e+01 
-2.946054e+01 -2.961834e+01 -2.912570e+01 -2.833619e+01 -2.891141e+01 -2.822430e+01 -2.634284e+01 -2.829415e+01 -3.501773e+01 -4.469862e+01 
-2.839843e+01 -2.842517e+01 -2.817810e+01 -2.820116e+01 -2.758963e+01 -2.905398e+01 -2.669804e+01 -2.809649e+01 -2.937400e+01 -3.642591e+01 
-2.895517e+01 -2.929901e+01 -2.854768e+01 -2.660382e+01 -2.931618e+01 -2.905398e+01 -2.444061e+01 -2.804862e+01 -4.062569e+01 -5.128591e+01 
-2.865991e+01 -2.882995e+01 -2.832857e+01 -2.744203e+01 -2.992750e+01 -2.989945e+01 -2.545877e+01 -2.877848e+01 -3.469433e+01 -4.426715e+01 
-2.890324e+01 -2.884456e+01 -2.858589e+01 -2.933485e+01 -2.785013e+01 -2.822430e+01 -2.704403e+01 -2.681714e+01 -2.674545e+01 -3.720638e+01 
-2.955344e+01 -2.981854e+01 -2.956289e+01 -2.772782e+01 -2.958850e+01 -2.863379e+01 -2.806345e+01 -3.035240e+01 -3.867101e+01 -3.801446e+01 
-2.855004e+01 -2.901137e+01 -2.878269e+01 -2.544590e+01 -3.005093e+01 -3.032822e+01 -2.743025e+01 -2.843313e+01 -4.387548e+01 -3.637084e+01 
-2.762544e+01 -2.824593e+01 -2.825726e+01 -2.352303e+01 -2.789291e+01 -2.863379e+01 -2.831621e+01 -2.865055e+01 -4.770312e+01 -2.785841e+01 
-2.914919e+01 -2.948022e+01 -2.870203e+01 -2.689145e+01 -2.974486e+01 -2.946887e+01 -2.447620e+01 -2.753120e+01 -4.038141e+01 -5.211996e+01 
-2.870038e+01 -2.899034e+01 -2.883656e+01 -2.668720e+01 -2.655952e+01 -2.781506e+01 -2.791372e+01 -2.714783e+01 -3.867160e+01 -3.402151e+01 
-2.929284e+01 -2.903591e+01 -2.890896e+01 -3.129222e+01 -2.873694e+01 -2.946887e+01 -2.814056e+01 -2.863317e+01 -1.932181e+01 -3.322717e+01 
