sigma_18, sigma_D, sigma_17, diff1, diff2, diff2_17O, divis,
5.915435622973164859e-02 5.252751016016403429e-02 5.914102184204885621e-02 7.400985373278556184e-04 6.664017476814779878e-04 7.556875065113934867e-04 1.268235290255367742e+00
5.938938467521718417e-02 5.444415715988780435e-02 6.066910409420954442e-02 5.629327632503591111e-04 5.781074209645069729e-04 6.679111615258861816e-04 1.189912682349936413e+00
5.570530554319429173e-02 4.971134325149640515e-02 5.819043902418729458e-02 6.318634177925352459e-04 6.698747594121856868e-04 7.563928112786560617e-04 1.255689100609021391e+00
5.691002011155061463e-02 5.184732630740263720e-02 5.938939871653207275e-02 5.506051438708098149e-04 7.584173341114933001e-04 7.705939263563831758e-04 1.204827155395935545e+00
5.680896897546967167e-02 5.116840984862584818e-02 6.818711282955602915e-02 6.090527896189250508e-04 6.463954801974613508e-04 7.800373427578454616e-04 1.232622166056452695e+00
5.794762651990670310e-02 5.174156201788475407e-02 5.924258263961854759e-02 6.807381792399802393e-04 6.909547307355813368e-04 7.544856158667955469e-04 1.254273463024642377e+00
5.929360871088283635e-02 5.274762903961214416e-02 5.983934410518108177e-02 7.334196646587463550e-04 7.658474787550983379e-04 8.509136796776211676e-04 1.263600763433735619e+00
5.721494483840829787e-02 5.143429139035573389e-02 5.868430299628515229e-02 6.280635820340822739e-04 6.766739499917675746e-04 7.102213961407972780e-04 1.237409498100676908e+00
5.981169916456382379e-02 5.359121205124408455e-02 6.023633227254224926e-02 7.054213478308759937e-04 6.169229000239199751e-04 7.626957292386746289e-04 1.245618706286132804e+00
5.742724232911019383e-02 5.129529504994789768e-02 5.899699351024518396e-02 6.666808672651366660e-04 6.037683836389493540e-04 7.494953854615370170e-04 1.253374513182294647e+00
5.728557067728088509e-02 5.109689468494667958e-02 5.927962939215970783e-02 6.707439613772114666e-04 6.521127922908938552e-04 7.414165701354184269e-04 1.256902160374391064e+00
5.977656782216192455e-02 5.363738354337962977e-02 6.077835226866414725e-02 6.962691472179121342e-04 6.770620149257295739e-04 7.604036932117860326e-04 1.242014831644460138e+00
5.800843653584776549e-02 5.173548837546303181e-02 5.885711588090123542e-02 6.884179518858077849e-04 6.107723512263512657e-04 6.579968226033639997e-04 1.257202437856210997e+00
5.571317630380619862e-02 5.154702581902865371e-02 5.781547869233865516e-02 4.468621430713860289e-04 7.356539127854537334e-04 8.011428055468017024e-04 1.168176898690120868e+00
5.823766366873273786e-02 5.188689186332022529e-02 5.876620372563701872e-02 6.993759223565465186e-04 7.312199760288697796e-04 7.917432276561901490e-04 1.259773810000113459e+00
5.702360527928099221e-02 5.163826063123899690e-02 5.919171216527512047e-02 5.851815980274757863e-04 5.581291895053616886e-04 6.376322248779855463e-04 1.219455995507956692e+00
6.006843937908812325e-02 5.320657469260426514e-02 6.005672330622068011e-02 7.772778189195079894e-04 6.715927107031034000e-04 7.202599584279740326e-04 1.274565314471024280e+00
5.920058221985724511e-02 5.294950667991484700e-02 6.102960738646458910e-02 7.010586775237307583e-04 6.621757810177309389e-04 7.155449915283141303e-04 1.250052115313508017e+00
5.713019002839418714e-02 5.052623704467062299e-02 5.903755637885165636e-02 7.109579827861848070e-04 6.641166219926444240e-04 7.259642570743941653e-04 1.278490268857678247e+00
5.831126365287416652e-02 5.166696955433460609e-02 5.873139817532156692e-02 7.307277258664646169e-04 8.118090009095886269e-04 7.994463613784938503e-04 1.273734544246063249e+00
5.796376740194703753e-02 5.098708801949689007e-02 5.875095587408529774e-02 7.601151867190946224e-04 6.167266676153041350e-04 8.190437127253223214e-04 1.292387627417761475e+00
5.789016143183037255e-02 5.215952156946430940e-02 5.904741658985301206e-02 6.306551002479682776e-04 6.508337059598910982e-04 6.866187013118365710e-04 1.231806021880871294e+00
5.868306505135268553e-02 5.113090556957088084e-02 5.920991547204081107e-02 8.293326194569162167e-04 6.304633182468738929e-04 7.679915839015429881e-04 1.317220889423796226e+00
5.848737135541434706e-02 5.190893132339591265e-02 5.865086652240760617e-02 7.262354569291091209e-04 6.422662510848019908e-04 7.646794887401302775e-04 1.269521411728413041e+00
5.917759488891371350e-02 5.178610506319474699e-02 6.024279871323517249e-02 8.201870592201418106e-04 6.480399685721373098e-04 7.875046537392065005e-04 1.305834458938677001e+00
6.219597600923280206e-02 5.052591709303368150e-02 5.783312195007598439e-02 1.315471133648949027e-03 6.569766176584643930e-04 8.376701507814848400e-04 1.515291421273892825e+00
5.818966296625518314e-02 5.187718579226068688e-02 5.893376139266057190e-02 6.947944704016359267e-04 6.602325592195421641e-04 6.623314984385428794e-04 1.258168669207830881e+00
5.556092237468163164e-02 5.112083241642089576e-02 5.793337936521929937e-02 4.736765881776083126e-04 5.726944580161058389e-04 8.087362600703644445e-04 1.181253368312191521e+00
5.682648391298186774e-02 5.281707217731371196e-02 5.831898104949233969e-02 4.396061605288210765e-04 6.773060227860070457e-04 7.743107401795561607e-04 1.157585089798681022e+00
5.885324856803952898e-02 5.099322307852283132e-02 6.000171195919182937e-02 8.633960670754530463e-04 6.086628851568624604e-04 7.310920591891379924e-04 1.332035974764499198e+00
5.915489425177219984e-02 5.192713572324591381e-02 5.990418463533261212e-02 8.028740895179497725e-04 6.274235952939190850e-04 7.817110788637199542e-04 1.297754755884270805e+00
5.714007791515859913e-02 5.137220615028785520e-02 5.844354706341128858e-02 6.258849394027220063e-04 6.504099369939703819e-04 7.428684601296790856e-04 1.237158157702902939e+00
5.921670000203069217e-02 5.223098858126077465e-02 5.992485458014054633e-02 7.785413909547084926e-04 6.490604393085950587e-04 7.145692548191282228e-04 1.285381104837443944e+00
5.887078129369486407e-02 5.280303239718149577e-02 6.009740665687213212e-02 6.776086597922543683e-04 6.440050268718658551e-04 7.165507983917703818e-04 1.243030745657741187e+00
5.802453885261827510e-02 5.145610393266072252e-02 5.883921670665157033e-02 7.191164771302251991e-04 7.182283531494094639e-04 8.029191461925206828e-04 1.271597294852601090e+00
5.576145971629969944e-02 5.161373034349636679e-02 5.751974982828209765e-02 4.453632297213567896e-04 7.101329773356180718e-04 7.542185441202783154e-04 1.167179822865365146e+00
5.755146872855979728e-02 5.172337079448198482e-02 5.903047337267395417e-02 6.368644664709243938e-04 7.144115471684797701e-04 8.229754534593953456e-04 1.238052846240306204e+00
5.835022766397282568e-02 5.076154775850872519e-02 5.924591415797967470e-02 8.280143375980972276e-04 6.333048359068265114e-04 7.016720099639006626e-04 1.321342483449343908e+00
5.829600770425334699e-02 5.225296094698454741e-02 5.877438234985756654e-02 6.680525865272735064e-04 6.611060207039867655e-04 6.816937442499566195e-04 1.244674573358727887e+00
5.990299219727567015e-02 5.247560298461989570e-02 6.015794555008763256e-02 8.346795655874211448e-04 6.390870693963510672e-04 6.462110227609423789e-04 1.303113239473353113e+00
5.900784939382393290e-02 5.206045091824582777e-02 5.798519152324180248e-02 7.716357402731245999e-04 7.346329506752175128e-04 8.400727738029750138e-04 1.284705911079131457e+00
5.864531500265617731e-02 5.277580174252069489e-02 5.966881634417408459e-02 6.539877221949192895e-04 6.674778327675656058e-04 7.828298733785262614e-04 1.234800985750690305e+00
5.806745726989346462e-02 5.157309731982544221e-02 6.025572641384052686e-02 7.120452266307173567e-04 6.910227772678311647e-04 7.153297572559190031e-04 1.267707877158086305e+00
5.796330291666377393e-02 5.091086697093928637e-02 5.863695098651305893e-02 7.678281092762463851e-04 6.604403436530560841e-04 8.874142561224062677e-04 1.296239537843576706e+00
5.999366127031486445e-02 5.284573321104921867e-02 6.069374966971819579e-02 8.065678740038872800e-04 5.732647529762965270e-04 7.515284795431227726e-04 1.288815877065399462e+00
5.728577242811243309e-02 5.131038338388035913e-02 5.874051426448431701e-02 6.489042796847012406e-04 6.381761486364647459e-04 7.210512719871723731e-04 1.246473435810311114e+00
5.746994586206539968e-02 5.034788312488928247e-02 5.798587339437007160e-02 7.678853422312171585e-04 4.750724018302562922e-04 5.851529905493726936e-04 1.302924184143849695e+00
5.911597963746922230e-02 5.258563626831976728e-02 5.964973288513891053e-02 7.294499067536487982e-04 6.146779853751582019e-04 7.296088647665179136e-04 1.263791748722355113e+00
5.728723515589732862e-02 5.141913929151241403e-02 5.930179511884258597e-02 6.378994263271232749e-04 6.820275105069198126e-04 7.891927025445057272e-04 1.241269601122772182e+00
5.576883474482679376e-02 5.017138810096565676e-02 5.717351828532071800e-02 5.929947448180821097e-04 6.543978854929654405e-04 7.291565451467559803e-04 1.235580104894306697e+00
5.635514106478720781e-02 5.076463408262550658e-02 5.847788338492049959e-02 5.988538508892018650e-04 6.315004800958840632e-04 7.671785297796156634e-04 1.232379774765284930e+00
5.696121772789899951e-02 5.150867426740370764e-02 5.921611622091543098e-02 5.914368002596184261e-04 7.007518611126468998e-04 7.668226137482029876e-04 1.222919263407521662e+00
5.716114833384019350e-02 5.292035687678066369e-02 5.897252691340954672e-02 4.668327068774553654e-04 6.408339262537985368e-04 7.742684712419320263e-04 1.166692379896357545e+00
5.729667180959210904e-02 5.180599988928494964e-02 5.980895781986602516e-02 5.990469759275152302e-04 5.955393307618646933e-04 6.719263798711209859e-04 1.223203376229478501e+00
5.794802497641356881e-02 5.276827065309238479e-02 5.985146164790450252e-02 5.734832109490395520e-04 6.431083406692055015e-04 8.830882783768294808e-04 1.205956254501215685e+00
5.712917521883652955e-02 5.047126091923088975e-02 5.819366038433534255e-02 7.163944824074425233e-04 7.475718233197094350e-04 8.057289143081427813e-04 1.281231473724712799e+00
5.882375588152955609e-02 5.148720291130658849e-02 5.920465314032507392e-02 8.093021923797254560e-04 5.381608409613106636e-04 6.978318081900752954e-04 1.305289676594543202e+00
5.950210200337893024e-02 5.252397504451386534e-02 5.961149020582599822e-02 7.817321883437956809e-04 6.877558861488881729e-04 6.916589836753157328e-04 1.283362791377673284e+00
5.819579428928658982e-02 5.253206500402210488e-02 5.956019522564173080e-02 6.271326193741577279e-04 6.585728490864757806e-04 7.153157725829791501e-04 1.227253428788715794e+00
5.997405300399611533e-02 5.279530643161426534e-02 6.003560100109259917e-02 8.095426525180850381e-04 6.245155212205943203e-04 7.402954512976205569e-04 1.290435103023482410e+00
5.643600401207898160e-02 5.108139737721587720e-02 5.813588112819487175e-02 5.757133908423578764e-04 7.812443459472086542e-04 7.618849874816533037e-04 1.220638244063666500e+00
5.682069884831407458e-02 5.035460666221167753e-02 5.732645693768090300e-02 6.930054055047478456e-04 7.187793774555592237e-04 7.220369652733192936e-04 1.273311689239231548e+00
5.832432253148956552e-02 5.252854208209940118e-02 5.868049052099285484e-02 6.424788654863333552e-04 5.437494918059016143e-04 6.972693175524612499e-04 1.232845662148907895e+00
5.888017695045248689e-02 5.150711839610216947e-02 5.969850504631742105e-02 8.138919922465099634e-04 6.854983821242550783e-04 6.784079203394387855e-04 1.306783691015091620e+00
5.932954424860053394e-02 5.304423064786282366e-02 6.024878283269118062e-02 7.063044157229790912e-04 6.646930743553173138e-04 7.776049883193367337e-04 1.251024211641023509e+00
5.834944028910012820e-02 5.332343446165292711e-02 6.007185280385959891e-02 5.612685192650664588e-04 8.059285402570494101e-04 7.808344625936133702e-04 1.197394231260346720e+00
5.849213726914738454e-02 5.194554243257543114e-02 5.969821597501880767e-02 7.229907436982858579e-04 6.793996579957022140e-04 7.963843402362727735e-04 1.267939144137427698e+00
5.799878315250974609e-02 5.169821448272748227e-02 5.944099511867384500e-02 6.911534664697546564e-04 6.853370667474017151e-04 7.332719596429681380e-04 1.258596952533614255e+00
5.927701982569492933e-02 4.964751663726232889e-02 5.917798337825932314e-02 1.048889171168590050e-03 5.561891438878919548e-04 8.008215282361881441e-04 1.425534270370004020e+00
6.047174355512536376e-02 5.460142117105231535e-02 6.132200856905038744e-02 6.755165746982058281e-04 5.650189017296703472e-04 6.903213909186269297e-04 1.226583413951222834e+00
5.652631773642359525e-02 5.143984838626907558e-02 5.777170447348710380e-02 5.491665948367673196e-04 6.419320268282489384e-04 7.453230949101271674e-04 1.207541404769357563e+00
5.911233139827491018e-02 5.465490676767107564e-02 6.149291914190849889e-02 5.071088895566601418e-04 5.913421753932080046e-04 6.710344119939681698e-04 1.169762947929513963e+00
5.954673920229014428e-02 5.293839926823147579e-02 6.092499772754909892e-02 7.433400325428671587e-04 5.131354962050027179e-04 6.391816527457236342e-04 1.265244209754438964e+00
5.855235528886110208e-02 5.340966229145330951e-02 6.009024366540325485e-02 5.757862837859309586e-04 6.588536214393727686e-04 7.153126946606974115e-04 1.201846698904132760e+00
5.719634481110624780e-02 5.194202151805794865e-02 5.865732020011187736e-02 5.734482603685655232e-04 6.749296894007435254e-04 7.381410276476926130e-04 1.212547765663769317e+00
5.689766524355752836e-02 5.083553146604467832e-02 5.848802308295689145e-02 6.530930507327157609e-04 5.206152802181132416e-04 6.676230844057043238e-04 1.252720414993798936e+00
5.912903353506068077e-02 5.231267051834030679e-02 5.964107082009165867e-02 7.596271100298998200e-04 7.160295627028574793e-04 7.633394245163800879e-04 1.277579042773504758e+00
5.952642443908998104e-02 5.063128621089979520e-02 5.935058014637873552e-02 9.798680631326371973e-04 6.469654625756323090e-04 8.240484253109065784e-04 1.382234323387927066e+00
5.888140793983000915e-02 5.333090247633318765e-02 5.984733061585737618e-02 6.228350420365152962e-04 6.076639376199788768e-04 7.091058738209045451e-04 1.218985406093815893e+00
5.665590098943124736e-02 5.062342309652283212e-02 5.793471620727021210e-02 6.471601509146752106e-04 6.574445340348821550e-04 6.595108090170084206e-04 1.252527541711633940e+00
5.860995359197729987e-02 5.273539134303035364e-02 6.114696950059506780e-02 6.541051599511719765e-04 6.640699809662302172e-04 7.372664102220037033e-04 1.235203201387349736e+00
5.868254710640326277e-02 5.182967691459397508e-02 6.028323735565894320e-02 7.573259258240425291e-04 7.142441007257702276e-04 7.923711530763849487e-04 1.281919957450525338e+00
5.683624181194200931e-02 5.129261968048989123e-02 5.860544107729539348e-02 5.994255496181663014e-04 5.641307063203376479e-04 7.427040146920231610e-04 1.227837648283115923e+00
5.916598061016613980e-02 5.212592002822936249e-02 5.934450424482323044e-02 7.835017227731926742e-04 6.994689835332837521e-04 7.343115981415012511e-04 1.288358321544020857e+00
5.928669303769797810e-02 5.268450941096836787e-02 5.917251081000386020e-02 7.392544394718113254e-04 5.390596145149781186e-04 7.071441389970667228e-04 1.266334888574164097e+00
6.590987173167821289e-02 5.103646084203607158e-02 5.857397253549486565e-02 1.739390856405593523e-03 6.327884555264341867e-04 7.585289713649476370e-04 1.667784112115882511e+00
5.864928559082481507e-02 5.302561327104099442e-02 5.968738505950527129e-02 6.280230375441324224e-04 6.108921250256146764e-04 7.100778778198926604e-04 1.223359369462496460e+00
5.964699347761818343e-02 5.214412515178711710e-02 5.920768038839469005e-02 8.387540430737881747e-04 6.846186766645012429e-04 7.714127079306898381e-04 1.308477757904095151e+00
5.737489940568438890e-02 5.213468592391313355e-02 5.969487079977334881e-02 5.738536054273367729e-04 6.606365461805730269e-04 7.587611992639500076e-04 1.211128854535445276e+00
5.729366280005542683e-02 5.115039804654781391e-02 5.945669000168725404e-02 6.662005767261724998e-04 7.315524483905231756e-04 7.745154866646572836e-04 1.254628474957930173e+00
5.852690950694783290e-02 5.139535852609105476e-02 5.948936978036820089e-02 7.839162584090198296e-04 7.459532540763185154e-04 7.627439781413979276e-04 1.296771281362615769e+00
5.806106256808986343e-02 5.140442736540549312e-02 5.856771562963609956e-02 7.286718337703966542e-04 5.791573544712132985e-04 7.189468011866156786e-04 1.275759784758974114e+00
5.837909384125041651e-02 5.224508269448024933e-02 6.034436190588998716e-02 6.785699319724427560e-04 5.969780792160241101e-04 7.207939108849954236e-04 1.248601514413822056e+00
5.644017207761915095e-02 5.130810961862749403e-02 5.919223217643744539e-02 5.529709115141656466e-04 6.465753625494543612e-04 7.326959104668177196e-04 1.210053662554132714e+00
5.736617420038137710e-02 5.167149849134877737e-02 5.875420680647578525e-02 6.209341860470432919e-04 6.213940265000653194e-04 7.264526296271706486e-04 1.232564519223390054e+00
5.734208991386864629e-02 5.132854334777674221e-02 5.883619959957842732e-02 6.534959134856001273e-04 6.724013653894897035e-04 7.660261397464124137e-04 1.248041870055478508e+00
5.900740195726167370e-02 5.220493573736417064e-02 5.968218814949819567e-02 7.565181704035262196e-04 6.907041989551406577e-04 8.167507152449101585e-04 1.277585152344989705e+00
5.934637264287456054e-02 5.360929512954710346e-02 6.043040829110537387e-02 6.480354215800477116e-04 5.101928097955841287e-04 5.764527451125310044e-04 1.225485464412459979e+00
5.835636881683888000e-02 5.214535758976843183e-02 5.884127875414032344e-02 6.863274633221051052e-04 6.875654971577882524e-04 7.381333175970996360e-04 1.252406234260755147e+00
5.539359898965613704e-02 4.956486465124784052e-02 5.825714724014492002e-02 6.117750011303156252e-04 6.777300091585008665e-04 8.213262816108202104e-04 1.249025532454824061e+00
5.672538164830229213e-02 5.051710656707366492e-02 5.853607755732181950e-02 6.657908672364734777e-04 5.882051989439157679e-04 8.027118850038380150e-04 1.260892081612865701e+00
5.824666781396870691e-02 5.255872530085384242e-02 5.961673667396503312e-02 6.302547061802043875e-04 6.865793455599655034e-04 6.973278523445257697e-04 1.228153139726586129e+00
5.687614690894077230e-02 5.206987852435432385e-02 5.953179697034235301e-02 5.236238376663971544e-04 6.228051606871930820e-04 7.683773570274224840e-04 1.193128461280507757e+00
5.645571568400849227e-02 5.137410929457641995e-02 5.931530721337271300e-02 5.479487275825193314e-04 6.164895284556422142e-04 6.987743948628108394e-04 1.207611455017004953e+00
5.943154734170033593e-02 5.368306030554952785e-02 6.060147391352053298e-02 6.502378556595008428e-04 6.705119859949413381e-04 8.173286102649502055e-04 1.225630454601978281e+00
5.796340753378395605e-02 5.098179675074977768e-02 5.895070196300572496e-02 7.606130129927620755e-04 6.588453977286199206e-04 7.432072107020756477e-04 1.292639857609965803e+00
5.835985463683082686e-02 5.301557080401324978e-02 5.983253820379615812e-02 5.952218855566821822e-04 6.050430789863270147e-04 7.775971133112663915e-04 1.211773691928455854e+00
6.002852791021293100e-02 5.307770947995005262e-02 5.996577681761405820e-02 7.861809194292333075e-04 6.330541837979432014e-04 6.916464724689702767e-04 1.279060362006234630e+00
5.688720676072674121e-02 5.080795388062348678e-02 5.802938473528307384e-02 6.547061155021110385e-04 7.381565570898397655e-04 7.250928302003808697e-04 1.253619701220243243e+00
5.774447050165166379e-02 5.124662097098148239e-02 5.883261664681840863e-02 7.082077125726803091e-04 6.759404643823845255e-04 7.555823406709422790e-04 1.269668477067883217e+00
5.722370333708184931e-02 5.051574442364433620e-02 5.758936599091735858e-02 7.227117889353987940e-04 6.838734394525200445e-04 7.401644746220786960e-04 1.283211982659666406e+00
5.922989250602404832e-02 5.342734710642454282e-02 5.964522290709999702e-02 6.536987474447929908e-04 6.548446254475336287e-04 7.742216680525424973e-04 1.229007883229678688e+00
5.728380649798273799e-02 5.295353970461180726e-02 6.007842640968216047e-02 4.773571196504300569e-04 5.970561938247659134e-04 7.058800889725475210e-04 1.170236786340506541e+00
5.847610345412395522e-02 5.221499750420798697e-02 5.875289132778633433e-02 6.930487108129613702e-04 5.931352959074971329e-04 7.672014515122097976e-04 1.254198648283297191e+00
5.864389131602788796e-02 5.114728751897918563e-02 5.902230295795594245e-02 8.230609681369668862e-04 6.850735916906887596e-04 7.631073998225196666e-04 1.314620337827443475e+00
5.829181403276660622e-02 5.223697334412219506e-02 5.956536126579551477e-02 6.692341990761131211e-04 6.911630722950524953e-04 7.197821041121146282e-04 1.245257397149549305e+00
5.973383935253023108e-02 5.388610827403772507e-02 6.097095326404259469e-02 6.644188988725722479e-04 6.863766527469443218e-04 8.306400438215327765e-04 1.228817026870176354e+00
6.026745302395700166e-02 5.129954566400394406e-02 5.978617205462931350e-02 1.000522508661638200e-03 7.694294051283697301e-04 7.728579560864650474e-04 1.380189243815399980e+00
5.732110582972073376e-02 5.078326156678863307e-02 5.959876404555825014e-02 7.067695181811727706e-04 6.947693494991837460e-04 7.579671042735853332e-04 1.274054306277389248e+00
5.934879473812690320e-02 5.238095987693116434e-02 6.053516953040347787e-02 7.785144792396467804e-04 6.704417107963207010e-04 7.284361637093636141e-04 1.283739493455913872e+00
5.802261929477776220e-02 5.132796050860995163e-02 6.116857368378062626e-02 7.320648198532939133e-04 7.251278767914600722e-04 8.147397696904108873e-04 1.277869910140416954e+00
6.025269716426568528e-02 5.194473753666310062e-02 6.037836348782631840e-02 9.321317578158939098e-04 6.012715425488518841e-04 7.238262755401657757e-04 1.345457155103858549e+00
5.818226783869769048e-02 5.229481481469705484e-02 6.024906502562077382e-02 6.504286343504972479e-04 6.781326535895636741e-04 6.754146441181089425e-04 1.237838629390073164e+00
5.918278542930927033e-02 5.340232050725197965e-02 5.991001683714914511e-02 6.507942556123963787e-04 5.040673948974043516e-04 6.434206878323018739e-04 1.228204105303879912e+00
5.843120102867027654e-02 5.146946598450194421e-02 5.894312246719846105e-02 7.650993249230754120e-04 5.428652191007209788e-04 6.627923512880017727e-04 1.288814168065346655e+00
5.743659991255258696e-02 5.116719273370837900e-02 5.891472112170838965e-02 6.808813972661764864e-04 6.402989190840746624e-04 7.558391112147777417e-04 1.260068820651248700e+00
5.736643768720416092e-02 5.122067851461027665e-02 5.882573036878444711e-02 6.673502654228192880e-04 6.775971378208051673e-04 7.437056873544759580e-04 1.254368414554831945e+00
5.852416587323956698e-02 5.275173130168759467e-02 5.962865639424549252e-02 6.423328358330119767e-04 6.714308587655033571e-04 7.873403750340243236e-04 1.230827043074266047e+00
5.864106700301091601e-02 5.298353348218864944e-02 6.093481877345161002e-02 6.315199189934096735e-04 7.301538377047892036e-04 8.025686927168394335e-04 1.224959955340044093e+00
5.833759894767268084e-02 5.201010310108659940e-02 5.973781097398849632e-02 6.982246263938425047e-04 7.256264175345825867e-04 7.937171794981768376e-04 1.258118856787392215e+00
5.652104974875313964e-02 5.074598550679215031e-02 5.760428691842533339e-02 6.194740196454680443e-04 6.181091892983862522e-04 7.528367780866182480e-04 1.240557950417351618e+00
5.925415249682229601e-02 5.344515717214327194e-02 6.015117795382527582e-02 6.546697629615746451e-04 5.992751668063229023e-04 7.096081713921113593e-04 1.229195225095773614e+00
6.053385120403932673e-02 5.523150206085013919e-02 6.234491761898562634e-02 6.138283216950805865e-04 6.811518992059369896e-04 6.844445055355292181e-04 1.201220958773061120e+00
5.913262094562416610e-02 5.290542680076859572e-02 5.997041661480851521e-02 6.976826749273859311e-04 6.320452949880599365e-04 7.636202062492707110e-04 1.249262814228617735e+00
5.921830554933760205e-02 5.310809531928027682e-02 6.056542602690782179e-02 6.863379236929489230e-04 6.193103437610250487e-04 6.730272769297985158e-04 1.243341703749336613e+00
5.802266416915900782e-02 5.226179680592897558e-02 5.986409755338896466e-02 6.353341519028006534e-04 7.542078956469071283e-04 7.534481867708390157e-04 1.232612756075510907e+00
5.676082201563716068e-02 5.188279749757054859e-02 5.907445735032088030e-02 5.299662397169275022e-04 6.016193775349405531e-04 7.911656503389551381e-04 1.196879924761744540e+00
5.857401999936539400e-02 5.205637454442964274e-02 5.929568769590814331e-02 7.210496881761147003e-04 6.939957741934135727e-04 7.597213582597401108e-04 1.266083139681594139e+00
5.734822420683815397e-02 5.140411201290620569e-02 5.857267919229837416e-02 6.464360878423694619e-04 6.171719176344655014e-04 7.592801029870469313e-04 1.244641353447444310e+00
5.596437091424117521e-02 5.029218746250689598e-02 5.742157640778131067e-02 6.027066920628277799e-04 6.912659772107455263e-04 8.360483319198548169e-04 1.238289530844981723e+00
5.654097398870148311e-02 5.042423685450091175e-02 5.812903859240154542e-02 6.542780772322096677e-04 7.998376073873912162e-04 7.069485318516860592e-04 1.257326018568394099e+00
5.767450533983395355e-02 5.231259890144142333e-02 6.015019646085929123e-02 5.897405623714446071e-04 6.908051431475328462e-04 7.567391631623875516e-04 1.215500561844285565e+00
5.840998303647842310e-02 5.108643778614346126e-02 5.840426502876278764e-02 8.019019926441906324e-04 6.802918396272270886e-04 6.922573746708117872e-04 1.307262847620437984e+00
5.943708425077295909e-02 5.340125154597363810e-02 6.009317223035730293e-02 6.810733175571311200e-04 7.448330932991690384e-04 7.002217328257869270e-04 1.238831163920534939e+00
5.806678891426943906e-02 5.160105710518501226e-02 5.885681472175344209e-02 7.090828804417596311e-04 6.660153907326004079e-04 7.168306121029102479e-04 1.266305295667559783e+00
5.969531474769605717e-02 5.265819634091086637e-02 6.080049531005866231e-02 7.906449609485798925e-04 6.789612231822365332e-04 7.520441850847060230e-04 1.285134355707911791e+00
5.910216078420338359e-02 5.141935028937871799e-02 5.962950112854562695e-02 8.491158251799969282e-04 6.828880446630797513e-04 6.926413596520444990e-04 1.321154317865994798e+00
5.699947307440823147e-02 5.121391414008977933e-02 5.905277826851920708e-02 6.260749292117014086e-04 6.181096764602172014e-04 7.482223018752759630e-04 1.238698876549909844e+00
5.611868377710506339e-02 5.123736152434776175e-02 5.731606995216396300e-02 5.240394528980025363e-04 6.115515858604486958e-04 7.290880229752305739e-04 1.199613757300144856e+00
5.771304438259732689e-02 5.165194556041428214e-02 5.949707887651979610e-02 6.628720117316483189e-04 5.615368302846763648e-04 7.843663945527908207e-04 1.248459903987920727e+00
5.640002144061391498e-02 5.096225123691045661e-02 5.734190832465905358e-02 5.838113673677278702e-04 6.843681594827063152e-04 7.796893198831288509e-04 1.224789146211892943e+00
5.669766714627297310e-02 5.237520441588363468e-02 5.879011290540911427e-02 4.714634222239650826e-04 6.377355709526182515e-04 7.485804659565737729e-04 1.171868601183868819e+00
5.866295769121483011e-02 5.142179644770029229e-02 5.937028904810116858e-02 7.971414551725388917e-04 7.085469307907013526e-04 7.735406051182540854e-04 1.301467781753311792e+00
5.867599730152550652e-02 5.245514136794898752e-02 5.960968204936385739e-02 6.913308033971153101e-04 7.605421635473016886e-04 7.745448075397473684e-04 1.251252148647788109e+00
5.762603906022144978e-02 5.097578363727198886e-02 5.883188687012089191e-02 7.222298603362015991e-04 6.931313724475321675e-04 7.498869440616616998e-04 1.277937801957930830e+00
5.709077773594779803e-02 5.124786899637361753e-02 5.799202264570774840e-02 6.330128258259207392e-04 7.209967449824728532e-04 7.983986910484286263e-04 1.241024331674263737e+00
6.005619082045394325e-02 5.280116534507142689e-02 5.970780209957329138e-02 8.187829940652043871e-04 6.764842956488276680e-04 7.085986799757526327e-04 1.293685022332140999e+00
5.782946262188594366e-02 5.051860904126281165e-02 5.766332920053832828e-02 7.921168876721426493e-04 5.635720046187073576e-04 7.674204271158262085e-04 1.310374836427216749e+00
5.712639009755818287e-02 5.009564130623194583e-02 5.837840986622114259e-02 7.538511676957412345e-04 5.764583155859478525e-04 7.176521855225259910e-04 1.300390179613233554e+00
5.674588503558695290e-02 5.063473130945608108e-02 5.733774258752353387e-02 6.562194536912390776e-04 7.028980073264285040e-04 6.525421245050162019e-04 1.255948201047210055e+00
5.726246033809890418e-02 5.034786644244065856e-02 5.917558896377440175e-02 7.440817086665080238e-04 6.969758595513866244e-04 8.250559396012173549e-04 1.293534049301189537e+00
5.949713336918749373e-02 5.360342725346620152e-02 5.995829474092990996e-02 6.665814658332407626e-04 6.950857321090779138e-04 8.136532740760644804e-04 1.231989387197466312e+00
5.814074822573546408e-02 5.189708740346180710e-02 5.855468244418637891e-02 6.870389232858076754e-04 5.964854385864969870e-04 5.769787335575732095e-04 1.255091138729559797e+00
5.859607473791667021e-02 5.223821085149382704e-02 5.918292770379715573e-02 7.046693017263888810e-04 7.560380504153774942e-04 7.492863271821913283e-04 1.258231230214332141e+00
5.736217929596870019e-02 5.277747865534893057e-02 5.819357158556680981e-02 5.049573603670481567e-04 6.291659591474969924e-04 7.989526976329249701e-04 1.181283146014301844e+00
5.800780096350592607e-02 5.240864716573648274e-02 5.901186583827603555e-02 6.182386748790603091e-04 6.180875785979734810e-04 7.256093619032006562e-04 1.225086926426831813e+00
5.995472839576253959e-02 5.225810240722624650e-02 6.009133693610069216e-02 8.636601898055094526e-04 6.064883059953155367e-04 7.701618689877833164e-04 1.316253710871071458e+00
5.883944430801916342e-02 5.201027185449319523e-02 6.030721779012294254e-02 7.570118280982016980e-04 6.860103693226136425e-04 8.053002657332806536e-04 1.279849424195345975e+00
5.765859615680669209e-02 5.126053220161863599e-02 6.004955491588821054e-02 6.968715491805425703e-04 7.187077405445709390e-04 7.341581775748856229e-04 1.265207934081107322e+00
5.855191657806776279e-02 5.151958820146327472e-02 5.979261246731167045e-02 7.740589665166529472e-04 6.268402821755534671e-04 7.463786774946093655e-04 1.291628040468407068e+00
5.868062198079382341e-02 5.219370313745907292e-02 5.933844062876073022e-02 7.192327488516180728e-04 6.621641779098964755e-04 7.585390181701262341e-04 1.264017814514217797e+00
5.839598639258064550e-02 5.220074551042673539e-02 5.862716924316400957e-02 6.851733949181271384e-04 6.888517170459595908e-04 7.647215372788573624e-04 1.251447359957409633e+00
5.795671303330876545e-02 5.166286791493946567e-02 5.880687756567982982e-02 6.899286644288207988e-04 6.755695854923415627e-04 7.478915786897344636e-04 1.258492035673678400e+00
5.783258617829709763e-02 5.134184908639133349e-02 5.934390102846660159e-02 7.086225564603781078e-04 7.704923574258461987e-04 6.759330559418676556e-04 1.268826427598985118e+00
5.540475106655556869e-02 5.034996297863051501e-02 5.748080661480686748e-02 5.345676687975270229e-04 6.362326912131784128e-04 7.834700469699556807e-04 1.210864940417151869e+00
5.713175318648784640e-02 5.172025182830235213e-02 5.916250836693926624e-02 5.890527729787513843e-04 6.699413597508204572e-04 6.351285917242563937e-04 1.220207924258646992e+00
5.683507110318701538e-02 5.149133639770096110e-02 5.923606130473429293e-02 5.788675832831199908e-04 6.662442352405261413e-04 7.632070370252005184e-04 1.218328737023526065e+00
5.828070701993741387e-02 5.205632063053754199e-02 5.893835911562188279e-02 6.867802931544539531e-04 6.649586792978722915e-04 7.357041809236935636e-04 1.253437506726511774e+00
5.784061769112800594e-02 5.438558182053802176e-02 6.064705888242467174e-02 3.877455449327943046e-04 6.951095173518174889e-04 7.192819137756735091e-04 1.131092926471427784e+00
5.906768960685378905e-02 5.193891011548549402e-02 5.917459082697042877e-02 7.913415715071420511e-04 6.308343978332030515e-04 6.540884735915976226e-04 1.293344747786892457e+00
5.714527137566859788e-02 5.142753708750425617e-02 5.859075217548107700e-02 6.207904697121831815e-04 6.385374476263418111e-04 7.335694939443873413e-04 1.234721887556557984e+00
5.760071748774235612e-02 5.337889847861315012e-02 6.001578361957890517e-02 4.685358523126188779e-04 6.132439901420274741e-04 6.601697112937139796e-04 1.164438540579000092e+00
5.852017563121175020e-02 5.322582503729014758e-02 6.002524081619590307e-02 5.916225050076467928e-04 6.158446243940638451e-04 6.364858318118980091e-04 1.208833362811503997e+00
5.696678787236639230e-02 5.129062293387048194e-02 5.913013635798496093e-02 6.144869195507099077e-04 6.823377089206366947e-04 7.294726689561537069e-04 1.233580559955304246e+00
5.725560876449136555e-02 5.249340217062147679e-02 5.866387868129858962e-02 5.226474635458928583e-04 8.172422101321063018e-04 8.725457455483235595e-04 1.189670332372193551e+00
5.915409664531918327e-02 5.186518625127636839e-02 5.889606190027196764e-02 8.092096050441753216e-04 6.517536008540362634e-04 7.128872891769236653e-04 1.300821689069756371e+00
5.785253535845755191e-02 5.010256404552592552e-02 5.855109529802606655e-02 8.366489234655541916e-04 6.109228607112525584e-04 8.112204709173173774e-04 1.333290820783995523e+00
5.680990033684376467e-02 5.146380116584093473e-02 6.196129927254007130e-02 5.788419458449107179e-04 6.623097270151899430e-04 7.699902509178836035e-04 1.218552749175040084e+00
5.725218093128218999e-02 5.065258777822251313e-02 5.918044109073417741e-02 7.121275727577352360e-04 7.242907132951765517e-04 7.842392094849296716e-04 1.277558496184572512e+00
5.861820129654440187e-02 5.162251838719313785e-02 6.860020620825259263e-02 7.712091186061064037e-04 6.607864066665952675e-04 7.704079290946788759e-04 1.289396837350406555e+00
5.675968003137666501e-02 5.241607332784343348e-02 5.928484773193299501e-02 4.742165341543990581e-04 6.955870420310312227e-04 7.274487766274000903e-04 1.172602755831088750e+00
6.002038484227588400e-02 5.348912280219918908e-02 6.111992293664351289e-02 7.413603384661556460e-04 6.544509303634780950e-04 7.435613705287097159e-04 1.259118485629248330e+00
5.975714849805126988e-02 5.167163993747762168e-02 5.989544934779831437e-02 9.009584227898186602e-04 7.125508470466939076e-04 7.874066682401644184e-04 1.337442872376311653e+00
5.740508567432293235e-02 5.026034048479088162e-02 5.887790427420371009e-02 7.692420356292463575e-04 6.991701389653639988e-04 7.104189249316898193e-04 1.304517429906923986e+00
5.583530602697400064e-02 5.182571388539296969e-02 5.867815173926093503e-02 4.316767793952252033e-04 6.981751639643058805e-04 7.520820442515368425e-04 1.160719325706554894e+00
5.677254415629430506e-02 5.122533761087173787e-02 5.900793425857622093e-02 5.990865566305957589e-04 7.948722564394382220e-04 8.383726875094604835e-04 1.228307361724110036e+00
5.824571240904782843e-02 5.150553954027146941e-02 5.959333935888942724e-02 7.397424107030404171e-04 6.676510178271696534e-04 7.306883326608321029e-04 1.278851276174958862e+00
5.691855689856643169e-02 5.140858909434393997e-02 5.866022838771602077e-02 5.968790867442457133e-04 6.977724568323693914e-04 7.472501655424057141e-04 1.225847346726825826e+00
5.812980680494492930e-02 5.230803637750117141e-02 5.940092860430398747e-02 6.429437695102359004e-04 6.096340804625222359e-04 7.372192619140828735e-04 1.234982845167911458e+00
5.648874683861403179e-02 5.191987496528870788e-02 5.877323215379874621e-02 4.953051029858135910e-04 6.500401007809631683e-04 7.296210695079398357e-04 1.183740767694782647e+00
5.835120764505405400e-02 5.202288916652995920e-02 5.967031488354339330e-02 6.984824364031547682e-04 6.599607300723317081e-04 7.383300140013439620e-04 1.258087252725047511e+00
5.630713538791196071e-02 5.084896883164573278e-02 5.895300904105282847e-02 5.848758643509682949e-04 6.830634217397452612e-04 8.475173604621216283e-04 1.226203541190309831e+00
6.113058083372513440e-02 5.373588682535648114e-02 6.182332984714164481e-02 8.494023801610827047e-04 5.438011066119286018e-04 7.425838704687926428e-04 1.294160687850973712e+00
5.656742064255255303e-02 5.123851509605345522e-02 5.856419627493727326e-02 5.744876489029828240e-04 6.229467596095063535e-04 7.482587596721351113e-04 1.218820308249911610e+00
5.890149299911668496e-02 5.244218296302921578e-02 5.954746692902689736e-02 7.192033235971597750e-04 5.586314531663360249e-04 7.329286160720266050e-04 1.261511121350830988e+00
6.104288024159137266e-02 5.276914863235496883e-02 6.087488214404371267e-02 9.416501808056959751e-04 6.542388438465195901e-04 7.436859967894991459e-04 1.338165594195684927e+00
5.444656391851564192e-02 4.982011986031528727e-02 5.635540073676819500e-02 4.823839796368276783e-04 6.686475779630587837e-04 5.942278144700028492e-04 1.194349460765054882e+00
5.661074193043755948e-02 5.136872949258820820e-02 5.969061572732455717e-02 5.660297322318996911e-04 5.335767231761502725e-04 7.157382522121843484e-04 1.214507062419933225e+00
5.710281266326919930e-02 5.012554595322423617e-02 5.786350381854243191e-02 7.481608569476229896e-04 5.664215230236597587e-04 6.639601316778183946e-04 1.297767127129736853e+00
5.607510034981223052e-02 5.077627494432608579e-02 5.793727018531112660e-02 5.661867820197148161e-04 5.905375428749209347e-04 6.085000887591633136e-04 1.219602890614695845e+00
5.693297072397934810e-02 5.155970079099037734e-02 5.822413083441058818e-02 5.829604098010355423e-04 6.284583112685311656e-04 7.160069900811995769e-04 1.219289726040770461e+00
5.629601388411886731e-02 5.102684575015270507e-02 5.881262783803082456e-02 5.655021920310272093e-04 7.596572854226395785e-04 7.784761749193719067e-04 1.217188510372543053e+00
5.851354302053159151e-02 5.278152413562924722e-02 5.958926172936281074e-02 6.379454267355887109e-04 6.680750239336998193e-04 7.842102328922130302e-04 1.228991664890339619e+00
5.978104542681590694e-02 5.268053563876413242e-02 6.020622441077998210e-02 7.985345571359290205e-04 6.708893475303311527e-04 6.387970994434475931e-04 1.287735436320418314e+00
5.753505603663965073e-02 5.273789215237361522e-02 6.033918283466092186e-02 5.289974044638740859e-04 5.683443477148275580e-04 6.947150286616490551e-04 1.190198902076597509e+00
5.802824684638420438e-02 5.289374088326929957e-02 5.999412999042594286e-02 5.695296074384641541e-04 6.710916902456778507e-04 8.172140739092983042e-04 1.203567170144975496e+00
5.773167360110465635e-02 5.168938966167620219e-02 5.941517073912026825e-02 6.611531331878854612e-04 6.752833932283654975e-04 8.286240957143858801e-04 1.247456719999596952e+00
5.666844604295517146e-02 5.154723140008507509e-02 5.834933911993882283e-02 5.541957119094050727e-04 5.834269623272344543e-04 6.876437865226176947e-04 1.208570303208113428e+00
5.862763294073430193e-02 5.120366680267934845e-02 5.992095418945354857e-02 8.153838501936665900e-04 6.282981111549238145e-04 7.334060499060653148e-04 1.310999706900537021e+00
5.742852055071399203e-02 5.136523785497029010e-02 5.870329194372361781e-02 6.596473127461065407e-04 7.666092776153105330e-04 6.807985135844779340e-04 1.250019101731127069e+00
6.104405387277769823e-02 5.406974801922187490e-02 6.102839179405195741e-02 8.028388623604379958e-04 5.640168956154732521e-04 6.934662581389090157e-04 1.274612116633312864e+00
5.595136209938386673e-02 5.117549331685845859e-02 6.123174568182964544e-02 5.116238045525444908e-04 5.832730350333870366e-04 7.527004176517483906e-04 1.195355960828111686e+00
5.752758433409755484e-02 5.100844557625763137e-02 5.879611998472972223e-02 7.075614392106697841e-04 6.350038444413922236e-04 7.693959700802886423e-04 1.271944311310554854e+00
5.637631703081693452e-02 5.270971287104982833e-02 5.956015701337225715e-02 3.999752910106638137e-04 5.598688254193296071e-04 7.019945994813577310e-04 1.143963322845393815e+00
5.804055212380256762e-02 5.271860965900717483e-02 5.972019884143407037e-02 5.894538864570780801e-04 6.028598990648708061e-04 7.309182937762616697e-04 1.212090853203147134e+00
5.577114775285855336e-02 5.014929928771647005e-02 5.742816779706580443e-02 5.954687026222199933e-04 6.200169478833994106e-04 6.594204302352417186e-04 1.236771378045265379e+00
6.002917319335002860e-02 5.179129642433681624e-02 5.949045382271841986e-02 9.211632489636899582e-04 6.811441889513511570e-04 7.364466227061690481e-04 1.343417987084437382e+00
5.947967757547505813e-02 5.074482229870032335e-02 5.776402576128812638e-02 9.627950543557970038e-04 6.962286581838812195e-04 7.186158452626834449e-04 1.373895620935695394e+00
6.214809735367691351e-02 5.406443529336018433e-02 6.257250933601893328e-02 9.394228410921729930e-04 7.053176113297562498e-04 7.703719456334619979e-04 1.321394006190071524e+00
5.888201922219762907e-02 5.271932743691728346e-02 5.976003136026239448e-02 6.877647022823516268e-04 6.294023886630275861e-04 7.143260897580612718e-04 1.247457237729272528e+00
5.854464435210070261e-02 5.207085591059382179e-02 5.966002493661361900e-02 7.161013470521329291e-04 6.679004938392483831e-04 7.864230047281785306e-04 1.264110129306811992e+00
6.093187308756899123e-02 5.319328504945745190e-02 6.166175579809110574e-02 8.831675836067803299e-04 6.165826602575385975e-04 7.105865931195937254e-04 1.312125676336669100e+00
5.917984479459612035e-02 5.274084197178440653e-02 6.001206739808399859e-02 7.206576180197499411e-04 5.410216786648524342e-04 6.001645664147899984e-04 1.259080582265124093e+00
5.706179428828340311e-02 5.240863336488650603e-02 5.930647528705349641e-02 5.093835162232772037e-04 6.536914455673642271e-04 7.128532231546119225e-04 1.185455286255747476e+00
5.487380879060956701e-02 5.055308186769504747e-02 5.726438033532462585e-02 4.555208048665016288e-04 7.378554329007633479e-04 7.524729773685618576e-04 1.178243189104542177e+00
5.922044210121036462e-02 5.213310669240399375e-02 5.974452464440366262e-02 7.891999492612307952e-04 6.911052861237846224e-04 8.126026805594287411e-04 1.290375410458748373e+00
5.751966858089112289e-02 5.155298733740281553e-02 5.904833097293910038e-02 6.508017702451384008e-04 7.917118953517728215e-04 7.797738117904302229e-04 1.244873085089598597e+00
5.680984608937590663e-02 5.053160433581336403e-02 5.933968925205349021e-02 6.739155759473871958e-04 5.966593054818946978e-04 7.467431183794311653e-04 1.263924264707634304e+00
5.747942094323087864e-02 5.098692360759614350e-02 5.824734479396994485e-02 7.042174530022837255e-04 5.248262083552313354e-04 6.941068573138297346e-04 1.270887625696860646e+00
5.670229174559129892e-02 5.244407788167573803e-02 6.018743544037452597e-02 4.647685843428808923e-04 6.201921816987514095e-04 7.418918923526711959e-04 1.168983327337829614e+00
5.915144718749108105e-02 5.301380051736796772e-02 6.034369881275694625e-02 6.884306590792623783e-04 6.906352701382342547e-04 7.374314237192783946e-04 1.244952752619073122e+00
5.717975700700555358e-02 5.136067189410720851e-02 5.864759008310970606e-02 6.316059939660664986e-04 5.487993202474846606e-04 7.763555343844693495e-04 1.239433464624928094e+00
5.658384989739006360e-02 5.065519679273855491e-02 5.850804648846133493e-02 6.357831070992994889e-04 5.814765270785430705e-04 7.653764278745536168e-04 1.247776988742685056e+00
5.714215350366889934e-02 5.157232040016426766e-02 5.966096568364277070e-02 6.055214755796606459e-04 6.419693408004774034e-04 7.740402135576437189e-04 1.227664966810203095e+00
5.800634527966528481e-02 5.067129284544898832e-02 6.245519368186618070e-02 7.971561740744972577e-04 6.078995189779745970e-04 6.720627001360126055e-04 1.310469858519564212e+00
5.556257149939415607e-02 5.070970947608599566e-02 5.703793188686168830e-02 5.157247164762415736e-04 6.723435719976652127e-04 7.774858614701735853e-04 1.200556019268822938e+00
5.927393819881494885e-02 5.316095559275229449e-02 6.014111049311231944e-02 6.873125500623526903e-04 6.668516115705929847e-04 7.014504644192591813e-04 1.243202881416944239e+00
5.774102827637481866e-02 5.160744760249566521e-02 5.891362148356353579e-02 6.706976983687808203e-04 6.796346741241589794e-04 8.477785127249946092e-04 1.251826862922557293e+00
5.592149914572650676e-02 5.139457606441742710e-02 5.815509610052268380e-02 4.858116178643018777e-04 7.161747166142766853e-04 7.836690390988213699e-04 1.183921847304045594e+00
5.817933467003173764e-02 5.273925520675482731e-02 5.906121072243517706e-02 6.034059428843404835e-04 6.502269612955208916e-04 6.949211122865339490e-04 1.216940980430587738e+00
6.002685956285800511e-02 5.282227424680342037e-02 6.080433483404110162e-02 8.130312123745654998e-04 6.680760232653678004e-04 7.586183293330989522e-04 1.291388915546775484e+00
5.794971328311442765e-02 5.327526676212454571e-02 5.980441424244457155e-02 5.199152210196367543e-04 7.457015048240630672e-04 8.163617036658045922e-04 1.183181354495230098e+00
5.996948508349647655e-02 5.198545773376541529e-02 5.954809942110869669e-02 8.938513253905961721e-04 7.206233518604067932e-04 8.178385823020379534e-04 1.330751287820181039e+00
5.814191423686326105e-02 5.296079425643510780e-02 5.974361552136235598e-02 5.756364628543126326e-04 6.645307662105960373e-04 7.820850355244482553e-04 1.205229277693235623e+00
5.621996216441461913e-02 5.162750193027042939e-02 5.855824265287688096e-02 4.952851902081342218e-04 6.489771687517999861e-04 7.297455436653490276e-04 1.185820283742123893e+00
5.766074174567940164e-02 5.214410889417454148e-02 5.981376574977991661e-02 6.057530462944024467e-04 5.991146824464851570e-04 6.684811990539307400e-04 1.222784569120922482e+00
5.613967080314874458e-02 5.111537943840687576e-02 5.849198290105540182e-02 5.388806227536032875e-04 6.812992943066296415e-04 7.903340777277947536e-04 1.206247830715535319e+00
5.688639240235182637e-02 5.009937498552514967e-02 5.836445614500790358e-02 7.261142666140883717e-04 6.771969118229381442e-04 6.957554433438310976e-04 1.289294617948181010e+00
5.968566717260025828e-02 5.133935143073819346e-02 6.028852603641123020e-02 9.266498605095723276e-04 5.144936861783701819e-04 6.854303850868221325e-04 1.351572509402938937e+00
5.674289501315438883e-02 5.157944635618046808e-02 5.883418957558999435e-02 5.593168480637626845e-04 7.028747326711692108e-04 7.167590491840880899e-04 1.210234772475670573e+00
6.552815204866414833e-02 5.076461760338198126e-02 5.880806668170030643e-02 1.716892310495247813e-03 7.393387893898025224e-04 7.643994809296617877e-04 1.666224834064700122e+00
5.785362386928105671e-02 5.312949620353846908e-02 6.025518169857790179e-02 5.242984279664381943e-04 6.084109104941678916e-04 7.423826941386919278e-04 1.185740735103752330e+00
5.722848663710431577e-02 5.121760764695043600e-02 5.881412062167632598e-02 6.518563496962716426e-04 6.391598944422589032e-04 6.730431751654532280e-04 1.248492521252944965e+00
5.953356935712268705e-02 5.283523599710560764e-02 6.045371164993219165e-02 7.526837175294929377e-04 6.415352256367076039e-04 6.799409024184002856e-04 1.269628141382924458e+00
5.955189223093139417e-02 5.131091920393745370e-02 6.040966599801121661e-02 9.136174387314693716e-04 5.944535391951736398e-04 6.880341230145866011e-04 1.347012237750282893e+00
5.745027566886488218e-02 5.139432362164130658e-02 5.824270691692500640e-02 6.591576739025705248e-04 7.176613940323088147e-04 6.721170557872907644e-04 1.249550820858483124e+00
5.833291885369220470e-02 5.214849565506848167e-02 5.906785882849745900e-02 6.832638229047429713e-04 5.878939217705697346e-04 7.575633865182927924e-04 1.251249298073198624e+00
5.674735186159175077e-02 4.887824491725613341e-02 5.760196923587029838e-02 8.311791171120258385e-04 4.892919383106475928e-04 5.847588433925091523e-04 1.347907200202476341e+00
5.839080867580939693e-02 5.119272348926377086e-02 5.875618315458897012e-02 7.887915995667595798e-04 6.477691193546685888e-04 7.595711030825352469e-04 1.300985661495580592e+00
5.755201703700805332e-02 5.175647225111747879e-02 5.925075544309468811e-02 6.335022451473717835e-04 6.080140734917108009e-04 7.814783696462552836e-04 1.236493290798932110e+00
5.678097782489419099e-02 5.227632689391049914e-02 5.995072092461440488e-02 4.912650892321358473e-04 6.756917832414097375e-04 7.946007748300271947e-04 1.179765262356567979e+00
5.583241136183034192e-02 4.940128029857983327e-02 5.701504190660919291e-02 6.767716633377901352e-04 5.910674391822546073e-04 6.939478624967337439e-04 1.277310144795242852e+00
5.682449530341494859e-02 5.252925929788510723e-02 5.931555387506035754e-02 4.697001841033787879e-04 7.066184615003138787e-04 7.920827830313259196e-04 1.170222975012223277e+00
6.009887992318043576e-02 5.356105605626543947e-02 5.970582531440696283e-02 7.430886421584516691e-04 6.905532339782767494e-04 6.658102168488271673e-04 1.259025404523602454e+00
5.786241873751710174e-02 5.212715821377877229e-02 5.897718336720573357e-02 6.308188787114464915e-04 7.154986711790802629e-04 7.823345434471198597e-04 1.232154220450242033e+00
5.965149551070493550e-02 5.348723743683220927e-02 6.053426631208054520e-02 6.974163480395860482e-04 6.965421768361235166e-04 8.090903933375299126e-04 1.243776472384905185e+00
5.793472728674989303e-02 5.178849114437016760e-02 5.927290622277978094e-02 6.743848107795750828e-04 6.645003013708107370e-04 6.666705003728465220e-04 1.251443992536327432e+00
6.030151850515494405e-02 5.389795309504168130e-02 6.099693313755928659e-02 7.312837861922307815e-04 6.004551806987963765e-04 7.483200837473183431e-04 1.251733723821450539e+00
5.852228785375918063e-02 5.393782283961975205e-02 6.050400947189962797e-02 5.155694429600432213e-04 6.408532699546720451e-04 8.176183090397476675e-04 1.177214945071960894e+00
5.918057476778481457e-02 5.396187643986811305e-02 6.093717761898315155e-02 5.904563209337752687e-04 6.345679188722665219e-04 7.664638316260719312e-04 1.202774663705444169e+00
6.075539440868664431e-02 5.201574041750049726e-02 5.966111665426340749e-02 9.855806985742776409e-04 7.403880641683209659e-04 7.886420048034894093e-04 1.364269341037550598e+00
6.025429901131714588e-02 5.292659408861551118e-02 6.052411591247246897e-02 8.293561875241440597e-04 6.433249716935706807e-04 6.954701957484778728e-04 1.296069175617543534e+00
5.610113891011524884e-02 5.129998786360159824e-02 5.857362904215861893e-02 5.156490322063759894e-04 6.606883075368462366e-04 6.759592369367441612e-04 1.195938456348517809e+00
5.885546297249171638e-02 5.351157115390126062e-02 6.140626964303407681e-02 6.004772743473060261e-04 6.567009110348162419e-04 6.973842419075572483e-04 1.209701323168034470e+00
5.666791338480717949e-02 5.089034839843678548e-02 5.856003792281996162e-02 6.214248472737309709e-04 6.343686351860165860e-04 7.209695547726214116e-04 1.239948349011434026e+00
5.874652421322444640e-02 5.448779530419734646e-02 6.123612613048953768e-02 4.822342700228558592e-04 6.113020882388191203e-04 7.516097521131170998e-04 1.162427514544120744e+00
6.110280595746009347e-02 5.254317635467426612e-02 5.994055798314355116e-02 9.727675144366198547e-04 6.906676365168701965e-04 7.559911990379743815e-04 1.352351733306337955e+00
5.872475715400364560e-02 5.324856999776501898e-02 6.070967187814035881e-02 6.131868959898213386e-04 6.496135304652305006e-04 7.500623785957596847e-04 1.216260382542801999e+00
5.740993758817378168e-02 5.150857018529519243e-02 5.877410227281210098e-02 6.427681313445278606e-04 6.265069057307356189e-04 7.577985356377185981e-04 1.242267605575848810e+00
5.936649283856492570e-02 5.257404208963697978e-02 5.937497490345003404e-02 7.603505703084596605e-04 6.610130329793421390e-04 7.800263752147082235e-04 1.275087678992369966e+00
5.725619161581762401e-02 5.099225896584705375e-02 5.886278358446613013e-02 6.780610039072150312e-04 7.202550799666875090e-04 7.081993052128520219e-04 1.260771583905431648e+00
5.509728008339608712e-02 4.928043253998179440e-02 5.691039529618249077e-02 6.071492412604985282e-04 5.547357236763226368e-04 7.441229897671945833e-04 1.250003699074661245e+00
5.882887828080561599e-02 5.271376867804965227e-02 5.985868577831005011e-02 6.820955115349140035e-04 6.832755042812212794e-04 7.518859320615760202e-04 1.245469229166675573e+00
5.812202470357423489e-02 5.211274378215582925e-02 5.964331552406806902e-02 6.624316911382726984e-04 5.997861293428447503e-04 7.461751304458741178e-04 1.243923263364910436e+00
5.797998121319921511e-02 5.352721608978687484e-02 5.945609517260864313e-02 4.965153591601949648e-04 5.742258608909035257e-04 7.360184600783524359e-04 1.173293939304266509e+00
5.843888129139204746e-02 5.084725910500884766e-02 5.880189020755498264e-02 8.296590880975062386e-04 6.919439439677954086e-04 7.743537364004833209e-04 1.320896204132264051e+00
5.998370720055958699e-02 5.147380200383773474e-02 5.937743243735905257e-02 9.484928367921746130e-04 7.290409779108255857e-04 6.215971481613136130e-04 1.357982304933026629e+00
5.899991300582911602e-02 5.277849347806572861e-02 6.119524204716256938e-02 6.954203608811769174e-04 5.322899399974685610e-04 6.743421574321354457e-04 1.249651065027668428e+00
6.084629722874396879e-02 5.294197880231443776e-02 6.080702405393000054e-02 8.994187669439444692e-04 6.711564200665213987e-04 6.658714337902329637e-04 1.320894006426879708e+00
5.756224195185169479e-02 5.275667312061808889e-02 5.913636759343183363e-02 5.301451397677677674e-04 7.218707299664860189e-04 8.033018812711630041e-04 1.190475877382282777e+00
5.708015144251721296e-02 5.192214485129624524e-02 5.842698434584068373e-02 5.622345627417108666e-04 6.762714397038468907e-04 7.842639263029301889e-04 1.208551006904475145e+00
6.021578252544119297e-02 5.304592874319165319e-02 6.088365182350309601e-02 8.120699089234624350e-04 6.556197107918998110e-04 7.213281152659659643e-04 1.288595332548669647e+00
5.835652403744515798e-02 5.286068477883417577e-02 5.968114075357087295e-02 6.112319024456432277e-04 5.720701523552294962e-04 7.291414688967197280e-04 1.218746163007679462e+00
6.007845839466514903e-02 5.360901607216620596e-02 6.182498760285158601e-02 7.354945588537368899e-04 7.295592434519196064e-04 7.676559937883456778e-04 1.255919743312956527e+00
5.924507238060586906e-02 5.272867586291900277e-02 6.083081699620719596e-02 7.296653431264512983e-04 6.659253416420988798e-04 7.667378547464847195e-04 1.262439975409081372e+00
6.018376862363646052e-02 5.233803744775075012e-02 6.041008844320904653e-02 8.828158418612485833e-04 6.379517367434602839e-04 6.830348988180629530e-04 1.322281406741604659e+00
5.794257256042656401e-02 5.194436523564670977e-02 5.855337921857733940e-02 6.591246351860349274e-04 5.833762785522423949e-04 7.417551805444305094e-04 1.244281544334064460e+00
5.784058601295585106e-02 5.178084544012583057e-02 5.913341297121515322e-02 6.642774358279436228e-04 6.409228647789491206e-04 7.449761742020848902e-04 1.247748610017821003e+00
5.793116983683788135e-02 5.090979770216145367e-02 5.853746390555088219e-02 7.642129365895513650e-04 6.408737281336563708e-04 7.391708209285200804e-04 1.294857135793349601e+00
5.656129806782932840e-02 5.071091093398744781e-02 5.890107318221323579e-02 6.275839513630262524e-04 6.260981000263522809e-04 7.020014539709305661e-04 1.244044489231260764e+00
5.674370744817117812e-02 5.144694283504872012e-02 5.824374232471487417e-02 5.730604078908662843e-04 6.010261896899259321e-04 7.980825149373789581e-04 1.216511644937358305e+00
5.642540604365704066e-02 5.138532662070441348e-02 5.878822786644934129e-02 5.433746552750947159e-04 6.468302586998944453e-04 7.757969711650473986e-04 1.205788515790589877e+00
5.750824819364212109e-02 5.303316754966475727e-02 5.986359204109577281e-02 4.946817499507272405e-04 7.056029425096504559e-04 7.557662019433654052e-04 1.175885790028303735e+00
5.809626784851873449e-02 5.201208734173574239e-02 5.960870906949426035e-02 6.699191082824842644e-04 6.335308371556584760e-04 7.472504053578238889e-04 1.247636010705923448e+00
5.820265864928727412e-02 5.249990047740309834e-02 5.928487358803574692e-02 6.313099237082245296e-04 5.916400837268562252e-04 7.323381433899413262e-04 1.229047552734228832e+00
5.680746448356269185e-02 5.024553099278253332e-02 5.756796806839417635e-02 7.024746363045665694e-04 7.019415719698547055e-04 7.806394228575086296e-04 1.278250381047970174e+00
5.890768076566560429e-02 5.274344247438313149e-02 5.977320613699458468e-02 6.882441291410066643e-04 5.830634412014833179e-04 6.741635105267896558e-04 1.247403347391851103e+00
5.754462889013776949e-02 5.188664179988400349e-02 5.994698931736933134e-02 6.191607168342084210e-04 5.891899195837324577e-04 6.134099299234213425e-04 1.229981164069053889e+00
5.740514295135336342e-02 5.068295226499094919e-02 5.838858709399916136e-02 7.265887869699638214e-04 7.170037451305888692e-04 6.985536940984551219e-04 1.282855665836657888e+00
5.764031694407400347e-02 5.176138382216111111e-02 5.948414203662773930e-02 6.431652822282227927e-04 6.533286200663121013e-04 6.990659025501223291e-04 1.240055044317317723e+00
5.729424381938467981e-02 5.240193742259331711e-02 6.014414119271210141e-02 5.366673291937137415e-04 6.123260069676165389e-04 6.796029231260283798e-04 1.195438656774917341e+00
5.771351791958814759e-02 5.231358747568683881e-02 5.886647841452836288e-02 5.941387160782831724e-04 5.625660565626117117e-04 7.962862367304207470e-04 1.217099511688290114e+00
5.883101824149258863e-02 5.279611196573796850e-02 6.079028345024586194e-02 6.736592686320940632e-04 6.392920560868999534e-04 6.845264550213556350e-04 1.241677604203885954e+00
5.819971162798136949e-02 5.134202705150144042e-02 5.859963519809669591e-02 7.512026918230839227e-04 7.206021838779982057e-04 7.765345570769649096e-04 1.284977854895739791e+00
5.806785688948156582e-02 5.336374691674497517e-02 6.067490349339391825e-02 5.241865187429030695e-04 6.726478720464687403e-04 7.168764143087818065e-04 1.184074324642854226e+00
5.735560281493519430e-02 5.135053457756653256e-02 5.906726748932660670e-02 6.527877728627461823e-04 6.615796222038532485e-04 7.533091167743301893e-04 1.247560911446129905e+00
5.595800178544127479e-02 5.102304770331521355e-02 5.871347000806338701e-02 5.279465668846686048e-04 6.354967565109362945e-04 6.771849973030449974e-04 1.202794969402240621e+00
5.713239758030998899e-02 5.150181745718437204e-02 5.855987071199302701e-02 6.116736518814698889e-04 7.103182946517500864e-04 8.046546130791611389e-04 1.230608155985823293e+00
5.675772514609479791e-02 5.102204336203335078e-02 5.845464743487153308e-02 6.181904549224302541e-04 6.892170342035284624e-04 6.967804172721386424e-04 1.237468823216968605e+00
5.778362358965691975e-02 5.179639171739329473e-02 5.955607503977419781e-02 6.560809602095068159e-04 7.452882651903441685e-04 7.190634996746171495e-04 1.244544793715952169e+00
5.535596254095406787e-02 5.143173370083505697e-02 5.740264838976248674e-02 4.190593573618972903e-04 5.829525895523718446e-04 8.073404765345583737e-04 1.158421169289537200e+00
5.989944043143657221e-02 5.320612482095843365e-02 6.056713842005757853e-02 7.570512455358094708e-04 5.406341240637258872e-04 6.715346228768042779e-04 1.267425009793992308e+00
5.974891338461613133e-02 5.276702362103055655e-02 6.017657337464636658e-02 7.855738688199642369e-04 5.784088719092343560e-04 6.294842989820085633e-04 1.282138161916689612e+00
5.737548543189045780e-02 5.093768510616205475e-02 5.830627212239399698e-02 6.972985645705503076e-04 5.846186300990743358e-04 7.488258680846900149e-04 1.268744981207937439e+00
5.775019542365782826e-02 5.048759879662018807e-02 5.892574512637064471e-02 7.860874392221850818e-04 5.649875010705818126e-04 6.961272607647862268e-04 1.308390807930556177e+00
5.947889501114603933e-02 5.212580086255398648e-02 5.961757569884511970e-02 8.206398361842994968e-04 6.563513228842846351e-04 7.639496495795114776e-04 1.302027935412421789e+00
5.791281909173193188e-02 5.116723924586175781e-02 5.844538559427871899e-02 7.358082431084150311e-04 6.500069375734470042e-04 7.815741190776845024e-04 1.281048116275156357e+00
5.907458049966213959e-02 5.261260040643966907e-02 6.051632378124576633e-02 7.217203396833668516e-04 6.310828608803842723e-04 7.043148358049536144e-04 1.260729042482489293e+00
5.900929112007181204e-02 5.240052165375277266e-02 5.899481207712602843e-02 7.362817689079729708e-04 7.236833651344942850e-04 7.595356354585807053e-04 1.268146928146153041e+00
5.766687375906349999e-02 5.166162109782276163e-02 5.883789675807593600e-02 6.565452346887603111e-04 7.777455835313981571e-04 8.419117775366187321e-04 1.245996310666578788e+00
5.756070242219507582e-02 5.111082356381879688e-02 5.963293909072810151e-02 7.009181779646794785e-04 6.027980039754037575e-04 7.355747565480880807e-04 1.268312907548603707e+00
5.907106444811717483e-02 5.209374776768799231e-02 6.016675074340854107e-02 7.756320985501147409e-04 7.089850746002482633e-04 7.388021103159253316e-04 1.285814704000485031e+00
5.627763854957686801e-02 5.188498096258031128e-02 5.879943436481238628e-02 4.751213512294988339e-04 6.441220489167455562e-04 7.336646372372033001e-04 1.176490455491878917e+00
5.911480643319472900e-02 5.256514752964065035e-02 6.017577638998455880e-02 7.314656048211945830e-04 6.373051370968314030e-04 8.031660782160073616e-04 1.264726936650157452e+00
6.029963733603810327e-02 5.264661393487762159e-02 5.988764319969328009e-02 8.643803040496696524e-04 7.340371612650462311e-04 8.628267687738676132e-04 1.311863087722661358e+00
5.758747600696696722e-02 5.163246377846793245e-02 5.897261329876578306e-02 6.504060770181931128e-04 5.779476126166726560e-04 6.246040049264264121e-04 1.243971385377658390e+00
5.990991994672305310e-02 5.299518822426178832e-02 6.055031892746911421e-02 7.807085330978295185e-04 6.494739852260021477e-04 7.112081139954565864e-04 1.277981598676953157e+00
5.683543425210432765e-02 5.064595570323578849e-02 5.810083675006245257e-02 6.652537575311521546e-04 7.102895495214844304e-04 7.782065287638849273e-04 1.259356892872188105e+00
5.681986391779095952e-02 5.262973239344950760e-02 5.977107378314246849e-02 4.586082038301741992e-04 7.089030442756332753e-04 8.325241201320821927e-04 1.165569179210725226e+00
5.828384457477724795e-02 5.285897105414329861e-02 5.998917443391522941e-02 6.029357175140323197e-04 7.244491155377758007e-04 8.797859191331181472e-04 1.215791136360396596e+00
5.841203191795052430e-02 5.187299893564428083e-02 5.957801000020226945e-02 7.211574542063184379e-04 5.924358912565390453e-04 7.160723337199446882e-04 1.268007769126390016e+00
5.658817314461928732e-02 5.254299195957402163e-02 5.783979493283435136e-02 4.414553357815513210e-04 6.126715964624975192e-04 7.102433709300627574e-04 1.159903206259323305e+00
5.733708128856603026e-02 5.168037223500171473e-02 5.903679705673672146e-02 6.166800163432926973e-04 5.864880470976109941e-04 6.813748458206971177e-04 1.230891852984950630e+00
5.904062560254488834e-02 5.289529691481064527e-02 6.124173924561408106e-02 6.878830358339024960e-04 6.720297947536796280e-04 7.169901243723460042e-04 1.245855812732157286e+00
5.645626074485135537e-02 5.095598277084290029e-02 5.826247195525749434e-02 5.907971971482058569e-04 6.334732350139354613e-04 7.298815624460198125e-04 1.227534922295568043e+00
5.902944014310145676e-02 5.215163267495964011e-02 6.000396217848321528e-02 7.646820129440798711e-04 7.489958390449290423e-04 8.440786880828258024e-04 1.281154511317539102e+00
5.973670545454822650e-02 5.339170188147790430e-02 6.043053843414734200e-02 7.178001487628407964e-04 6.322423747373823828e-04 7.673888196069583983e-04 1.251800167826652821e+00
5.752414034816452637e-02 5.213674005748793194e-02 5.914885632961061623e-02 5.907870589732635083e-04 6.431226996952097439e-04 6.925573336792597906e-04 1.217341784404164295e+00
5.790977926219648131e-02 5.205042443326574064e-02 5.887620108621787612e-02 6.442958505132141342e-04 6.956737275658728429e-04 7.925314027208307148e-04 1.237813652921896601e+00
5.984104547521484907e-02 5.301633033346658808e-02 6.045443426191180608e-02 7.702194415394819985e-04 6.207015939112964231e-04 7.396814055622512709e-04 1.274028131562956911e+00
6.023121805280459706e-02 5.418479737905562699e-02 6.163717473159358723e-02 6.918073611151807391e-04 5.870946373201648772e-04 5.936824713169209285e-04 1.235629830803292917e+00
5.875794925848865785e-02 5.199426222065430675e-02 5.955243112840482439e-02 7.490932971929683062e-04 7.261334891549388933e-04 7.825264078607134868e-04 1.277092691320076190e+00
5.809580137685391860e-02 5.248683844462639914e-02 5.940051717198731318e-02 6.202539277065498985e-04 6.356123285549922664e-04 7.449678245071836898e-04 1.225148312167823272e+00
5.769843048275347108e-02 5.200492510028054821e-02 5.953206364211904161e-02 6.245966454873448301e-04 6.916099716634072168e-04 6.707964726518069951e-04 1.230946134196324149e+00
6.035816848840212800e-02 5.189868242597139858e-02 5.978764336081034136e-02 9.496352657225072547e-04 6.179467816342042695e-04 6.483464966501549780e-04 1.352569037064446755e+00
5.941439408266510624e-02 5.242259640355972222e-02 6.038876352468584841e-02 7.819416105197176531e-04 5.651372355792575516e-04 5.908327203899866069e-04 1.284536031765134201e+00
5.649174650323753738e-02 5.030258091041278634e-02 5.801923334046996117e-02 6.609677767374258321e-04 5.616249176040338147e-04 8.018644002381491607e-04 1.261215985592088140e+00
5.812852697714598199e-02 5.291339845578028195e-02 6.001531317782354824e-02 5.790979123926169592e-04 4.666567245988185813e-04 5.838725267195380309e-04 1.206833407969220007e+00
5.890022194231558234e-02 5.185680680700663348e-02 5.965665719734716821e-02 7.801077326348242712e-04 6.574586582589586050e-04 7.883175278667163425e-04 1.290096868966937427e+00
5.915655303174909702e-02 5.192777054029808909e-02 6.011507315857158446e-02 8.030044133122932019e-04 6.051425038303620075e-04 7.318284983427888156e-04 1.297795806666380614e+00
5.641494805119939837e-02 5.059191582658253972e-02 5.828283911956771285e-02 6.231044166155139813e-04 7.620142990610262543e-04 8.040723720567433466e-04 1.243443721383377998e+00
5.770970126550298979e-02 5.330382448358590708e-02 5.955279264757738084e-02 4.891119155766648040e-04 6.130380247559698379e-04 6.366867452163131602e-04 1.172143846380044652e+00
5.736289822708755953e-02 5.226929723791074595e-02 5.871785080779295951e-02 5.584226592661410693e-04 6.509332620835353448e-04 6.609612156118874508e-04 1.204394737711073748e+00
5.886539761973440255e-02 5.308020200213363349e-02 6.055132958784710528e-02 6.476271923421209747e-04 5.840220233188205207e-04 6.902182320647110188e-04 1.229858168305111299e+00
5.663628287866504657e-02 4.967959700411867657e-02 5.753215105465187690e-02 7.396061798205298514e-04 7.628513121207236266e-04 7.847946098787611079e-04 1.299670783145261410e+00
5.849294227341557406e-02 5.290605959277260711e-02 5.977282468001209048e-02 6.223731541671203259e-04 7.058273139512253854e-04 7.342346661743480571e-04 1.222351476509213164e+00
5.911837570150851873e-02 5.255717923824675814e-02 6.037928296720681404e-02 7.327252561035169087e-04 6.687089884773809566e-04 7.649648517411999525e-04 1.265263236681976045e+00
6.010694809790895904e-02 5.321062628652274695e-02 5.990539362483145169e-02 7.814744598407356857e-04 7.035255782676178016e-04 7.571865450723075722e-04 1.276005697909691650e+00
5.849393782112475432e-02 5.204438676182668311e-02 5.993519425030007647e-02 7.129225684070084751e-04 6.992800689098979021e-04 7.600908918677168813e-04 1.263205264640221426e+00
5.874383844209952327e-02 5.225576990209297029e-02 5.887169119431790582e-02 7.201730668510045001e-04 5.745862897538425327e-04 6.498418730010311261e-04 1.263735367806813725e+00
5.885409596873471955e-02 5.303901851876011153e-02 6.032221540055342224e-02 6.506671268636582059e-04 6.297738573457382699e-04 7.529279909736625274e-04 1.231295885904211129e+00
5.681801431063647490e-02 5.130952576048347646e-02 5.861976415115113109e-02 5.956193164379738371e-04 6.593657246104241533e-04 7.825529991396933420e-04 1.226241761036262590e+00
5.504472208016929907e-02 5.125607358840092442e-02 5.739051960981991773e-02 4.027363491835066547e-04 6.575699738123461828e-04 7.131517873474930600e-04 1.153295765987511379e+00
5.723629545521900092e-02 5.208879715172785169e-02 5.987809551888363668e-02 5.627507287232717120e-04 7.056316295166677102e-04 7.325232069602961296e-04 1.207408909760718574e+00
5.900006760716462045e-02 5.277525103854376759e-02 5.869874316829618716e-02 6.957808554686811461e-04 6.271498851712314741e-04 7.478512370294154157e-04 1.249811173360887206e+00
5.836265133836697483e-02 5.016249022634050592e-02 5.829019512119472390e-02 8.899236455360819836e-04 7.044248761095073599e-04 7.832789602639104792e-04 1.353667025653914502e+00
5.734467325321602332e-02 5.280538561160529054e-02 5.919431835962713634e-02 5.000028009277779177e-04 7.133159770021097043e-04 8.138500752981697945e-04 1.179314743938182586e+00
5.713249463696516012e-02 5.065354410169701366e-02 5.812703334242281389e-02 6.983404133802887520e-04 7.165121045228274458e-04 7.353039544295595590e-04 1.272174542219602245e+00
5.493341757605649939e-02 5.046017806125011051e-02 5.717939321897982929e-02 4.714507966123260112e-04 5.892140448614801044e-04 7.072930636587856056e-04 1.185156437648830163e+00
5.681698396285019687e-02 5.078302035438032880e-02 5.806315169656704744e-02 6.492545103213695143e-04 6.490214467168405532e-04 7.558394247781019190e-04 1.251754893421731296e+00
5.709674076940483151e-02 5.159786787018241783e-02 5.827419179118876330e-02 5.976978377398127484e-04 6.208608535503320732e-04 7.650013728859617621e-04 1.224500944565959371e+00
5.591303238279368010e-02 5.055539089927098967e-02 5.811260152611185531e-02 5.704196412612424182e-04 6.506636406612881273e-04 7.444697743459534507e-04 1.223182185294781732e+00
5.758382761779665820e-02 5.195716514730980284e-02 5.927471056726255072e-02 6.163501929712968119e-04 7.808540604046534895e-04 7.630157712489528572e-04 1.228316154767844282e+00
5.764529032743813397e-02 5.197191340325930248e-02 5.915444098376929083e-02 6.218997141387485467e-04 6.472693587058339290e-04 6.510899260008642985e-04 1.230241149520959754e+00
5.805561656636387680e-02 5.073226429765628070e-02 5.907409957183890059e-02 7.966919741334136697e-04 6.405911443153279507e-04 7.236480727270354612e-04 1.309543685775125033e+00
5.702625083926237542e-02 5.103371285207105451e-02 5.863728293416429344e-02 6.475534373148305461e-04 7.173379442170587815e-04 7.308103872517284372e-04 1.248634437821423360e+00
6.000143176734185763e-02 5.291875355608977038e-02 6.160279591691955603e-02 7.997773362008169656e-04 6.381461395575439323e-04 7.368041966416337234e-04 1.285594526951056915e+00
5.809036848501036160e-02 5.228414561837609748e-02 5.982145469716421138e-02 6.408590276807285026e-04 6.767591159213972403e-04 7.668501054054333152e-04 1.234435013600738484e+00
5.868741281485824468e-02 5.179615095186537732e-02 5.916840573134994619e-02 7.613711694731632035e-04 6.163537353732085472e-04 6.878918610960936715e-04 1.283792851515236144e+00
6.083018655036603189e-02 5.309326820993633816e-02 6.066611605463422680e-02 8.814164665400959359e-04 6.065965789593254047e-04 7.150074035854515507e-04 1.312681538736921727e+00
5.798212946332383794e-02 5.228503483035162186e-02 5.934747312486853693e-02 6.282024698905639727e-04 5.940526384975564457e-04 7.500482961201820984e-04 1.229797254809863016e+00
5.641348050663243241e-02 5.280899726669416316e-02 5.931374378204283537e-02 3.936905905584857195e-04 6.937998458884046121e-04 7.461264282897862908e-04 1.141168952631700595e+00
5.978091264274722205e-02 5.322971246891516212e-02 6.080520222336917302e-02 7.403552268763925054e-04 6.518179584337194981e-04 7.154261406168006647e-04 1.261295485506553460e+00
5.886040746724138101e-02 5.297678385997425798e-02 5.923483886226620782e-02 6.580079390632559248e-04 6.389494341345745192e-04 7.564528997552688941e-04 1.234455246048969945e+00
5.745697328614621235e-02 5.118211992172961439e-02 5.922018897132875354e-02 6.816943795226082688e-04 6.480785134663480645e-04 7.662184932864309506e-04 1.260227490253042815e+00
6.029854177641602586e-02 5.301160785944027815e-02 6.059744902163211044e-02 8.256835725191182841e-04 5.603624202753367889e-04 7.128593340638024857e-04 1.293813462129142389e+00
6.006052688628722019e-02 5.330839279183522544e-02 6.012419777729846593e-02 7.654821478098403770e-04 6.407023192113530351e-04 7.386938804897287721e-04 1.269366689349601618e+00
5.744275393655365325e-02 5.141270616946373023e-02 5.802472992354370390e-02 6.564036241478365605e-04 6.456967067473778172e-04 7.379538174203814508e-04 1.248330488049528286e+00
5.664896403584022966e-02 5.093945497331096861e-02 5.843407085860900102e-02 6.142770533559441075e-04 6.937386865696594735e-04 8.151726627416385536e-04 1.236731311701497082e+00
5.788650500915165642e-02 5.172482298713313581e-02 5.856558743814561235e-02 6.753901491242833392e-04 6.104693873943194083e-04 7.842227265469008763e-04 1.252439142209403888e+00
5.798142617957026401e-02 5.262456889791858328e-02 6.003047978486471259e-02 5.925005301251761065e-04 6.562441562051048952e-04 7.631191754751534334e-04 1.213949679897521117e+00
5.628445145617500672e-02 5.148477619460433558e-02 5.770883206261800263e-02 5.172572959140234530e-04 6.793624724264126381e-04 7.099535332378343515e-04 1.195141197935466471e+00
5.695550190708294908e-02 5.126277200000584761e-02 5.771863207835075532e-02 6.160574043631459815e-04 6.365753364016815859e-04 6.754356364573330714e-04 1.234432062467797575e+00
5.871904615881485406e-02 5.377439744057330162e-02 6.033159625952549954e-02 5.562405617042932675e-04 5.492018821066589054e-04 6.973719079395963513e-04 1.192358574309322794e+00
5.842969401908534172e-02 5.274930660116780579e-02 6.085581810525012708e-02 6.315397962599316600e-04 7.129172379558147525e-04 8.726468280185076341e-04 1.226969349213367977e+00
6.037987503223052332e-02 5.375679574822646301e-02 6.052248611863667027e-02 7.559362197912364474e-04 6.660476972442620162e-04 7.531948712196812491e-04 1.261588354764298980e+00
5.818094279480281322e-02 5.273077993179216272e-02 5.915949035985940130e-02 6.044869522770224268e-04 6.895105404903340788e-04 7.610209425726675424e-04 1.217399500162931636e+00
5.700217189890083302e-02 5.152563847415782966e-02 5.929374337348178314e-02 5.943561810222265998e-04 5.771481429878526619e-04 7.190496490660115833e-04 1.223872123924470978e+00
5.785323207434155124e-02 5.085295081428058139e-02 5.898474794260311765e-02 7.609738549279819984e-04 6.258041212374501876e-04 6.529227121911098048e-04 1.294264192822400572e+00
5.748311613378394996e-02 5.102768063361710904e-02 5.838580084860765101e-02 7.004844496036701819e-04 7.270940915605212784e-04 7.515509004265471518e-04 1.269021407845498439e+00
5.770035121601482797e-02 5.120445927980713657e-02 5.907182067681535087e-02 7.074338803140364437e-04 5.837560131103892384e-04 6.961712611177978344e-04 1.269817607142125881e+00
5.972558484532000667e-02 5.163074099913499831e-02 5.990144138377814093e-02 9.014120689957590658e-04 6.385317285677266728e-04 7.282908995665166897e-04 1.338147867129134694e+00
5.781127331778088824e-02 5.205789026932482882e-02 5.850048210362252671e-02 6.321193833300998641e-04 6.661991344553509558e-04 7.579706772032395118e-04 1.233252324514518605e+00
5.787454890424308801e-02 5.266828662423746199e-02 5.966884217871668700e-02 5.755149949367940367e-04 6.441165943840294330e-04 7.135554228924355282e-04 1.207471412096629892e+00
5.654641392853140131e-02 5.159999606667203115e-02 5.829622901218738107e-02 5.349373340962407762e-04 6.720570278104067482e-04 8.442982978840323817e-04 1.200910933706617945e+00
5.900931782320634200e-02 5.353404765217856243e-02 6.083037518098396990e-02 6.162053319344528921e-04 6.005759311130667508e-04 7.060058860207530772e-04 1.215013282576220321e+00
5.733426500686785582e-02 5.216451758597604599e-02 5.984018148640837809e-02 5.660810489001477826e-04 5.697535656795744627e-04 6.260262111120311898e-04 1.208031080665203705e+00
5.667948356769682283e-02 5.196056676203040375e-02 5.850249302190929646e-02 5.126633592693954911e-04 7.401381774633110757e-04 8.792543622528480474e-04 1.189882315887277331e+00
5.751049189480193780e-02 5.239976500106868079e-02 5.892383113355892377e-02 5.617213058148572136e-04 7.159255171321935807e-04 8.066139781292604996e-04 1.204579549620431012e+00
5.600497074160484812e-02 5.059576166684268128e-02 5.860480918495611369e-02 5.766256491200679075e-04 6.842645434008617087e-04 7.954812794900191367e-04 1.225250456711361569e+00
5.804995736134723611e-02 5.161290551071974486e-02 5.973244985626697395e-02 7.059055343957474325e-04 6.207718657423371908e-04 6.850484772408642906e-04 1.264990296285433802e+00
5.811815748896671102e-02 5.144357054076998531e-02 5.864933081175152663e-02 7.312792799291597569e-04 6.935149555567728151e-04 7.878716342321627659e-04 1.276325560913727619e+00
5.667406706675113398e-02 4.993528409258988360e-02 5.836601258029127520e-02 7.184172804789450313e-04 6.705793600744436008e-04 6.736988076599092481e-04 1.288112247349735728e+00
5.583829787212052365e-02 5.173749837327382139e-02 5.875933360553044216e-02 4.411467713311481575e-04 6.959723665980201666e-04 6.841234192114205911e-04 1.164805709615841067e+00
5.912225233439837718e-02 5.284495631250204356e-02 6.021880834777115082e-02 7.028513134220248752e-04 6.718608026084673529e-04 8.173340673998485788e-04 1.251684444369638660e+00
5.818684841296298260e-02 5.130313505017946446e-02 5.949006915155414382e-02 7.536976622561802376e-04 7.211700095053219127e-04 7.967647836126665528e-04 1.286358024927834798e+00
5.959281959282303198e-02 5.329686741250311971e-02 6.048291772815569955e-02 7.107480710368159482e-04 6.245443409179424112e-04 7.482286154626003509e-04 1.250214412961420107e+00
5.854430919499746533e-02 5.245708439613510493e-02 6.009659042646250948e-02 6.756904357762237578e-04 7.204391631918238966e-04 7.464467591087674920e-04 1.245549737737499330e+00
5.962604539739171927e-02 5.241091389816393553e-02 5.894818865578179551e-02 8.083613940910645314e-04 7.148127847508864516e-04 7.603639146792862081e-04 1.294280915824506106e+00
5.739343012228194374e-02 5.140955804162912479e-02 5.910495153180634481e-02 6.510631631656263116e-04 6.752447793484847019e-04 7.273086743938382689e-04 1.246340253045644442e+00
5.851429509130028767e-02 5.156706779728587042e-02 5.824117828110671885e-02 7.647602488218912219e-04 6.607266318143236675e-04 7.288630657986362379e-04 1.287594403962084133e+00
5.753032118490821606e-02 5.191081793934497479e-02 5.869740741515719340e-02 6.150048365068791142e-04 6.564699592062014661e-04 8.061522411619587592e-04 1.228224774825751986e+00
5.734728407973666703e-02 5.217604006973443342e-02 5.927464292234439075e-02 5.663718339634854840e-04 6.537933787109270452e-04 7.050986255185563625e-04 1.208046022639233552e+00
5.941593908548125497e-02 5.230148052719193336e-02 5.906073692515452500e-02 7.948089520733820842e-04 6.617955826529072199e-04 7.476056629047900162e-04 1.290559302490523974e+00
5.729614496064730500e-02 5.218257079526975734e-02 5.983508176944288964e-02 5.598275325481693460e-04 7.569033938755890048e-04 8.009259982038028931e-04 1.205590627209170318e+00
5.803369688515245400e-02 5.107549914180196937e-02 5.956347455415821751e-02 7.592033615735401669e-04 6.273157494467935039e-04 7.437638846388882263e-04 1.291026732523771647e+00
5.976438176395773572e-02 5.351676093478960339e-02 6.143194347883434991e-02 7.077376266766614681e-04 6.594750079763659571e-04 7.532455822501525405e-04 1.247111322512835407e+00
5.580504680383528010e-02 5.084334634300488598e-02 5.768151591403811174e-02 5.291573814234979724e-04 6.264787146725674105e-04 6.605877213532242468e-04 1.204699416790224964e+00
5.718080587180835589e-02 5.145540972996209828e-02 5.800340634774336229e-02 6.219853696711546108e-04 5.647342681804252452e-04 6.762188507718672583e-04 1.234918969899142516e+00
5.916508173677802879e-02 5.239958581423150019e-02 6.010710852061169895e-02 7.547903034166138572e-04 6.669291851954734559e-04 7.014885989478387030e-04 1.274897382054148931e+00
5.897321779171134370e-02 5.094217771770368636e-02 5.910283808218647073e-02 8.827349460865134209e-04 8.390211289891568282e-04 8.676386661191786993e-04 1.340153784144619609e+00
5.866211565717543985e-02 5.239199749362023761e-02 5.952682776570177720e-02 6.963224120043183356e-04 6.955882530091590018e-04 8.095497157652178314e-04 1.253676630469782616e+00
5.940471868709017861e-02 5.232883058383965696e-02 5.993132821971081797e-02 7.906140920201283097e-04 7.898899064454383478e-04 6.869408566451915563e-04 1.288723738213491510e+00
5.826956968276588572e-02 5.285012766109351695e-02 5.948557757088803605e-02 6.022067572208269354e-04 6.435293685778538907e-04 7.129218571348049050e-04 1.215602376167462140e+00
5.839534014203285467e-02 5.191273514808938949e-02 5.955475557858459085e-02 7.150836797480382770e-04 5.930732829791861499e-04 6.609983935343613374e-04 1.265343860634154272e+00
5.684771189427579446e-02 5.075317805735084231e-02 5.857481005537060886e-02 6.557772646934266481e-04 6.719648068081691484e-04 6.248964135709291325e-04 1.254583276653688406e+00
5.675464086602605845e-02 4.943651305055031531e-02 5.847222016623238733e-02 7.771204372343633662e-04 5.940991031546946979e-04 6.776589841452443927e-04 1.317974775311785418e+00
5.832960695737954976e-02 5.302590667665656177e-02 6.009207366484824175e-02 5.905962689208899864e-04 5.885635851965508947e-04 7.230649787465183356e-04 1.210046037344738590e+00
5.584331507853302484e-02 5.046790568259645199e-02 5.833409851167189325e-02 5.714663349728624567e-04 6.597670235509471223e-04 7.484083592919210789e-04 1.224367570705255481e+00
5.823571321487217706e-02 5.246739122316235182e-02 5.985669965634156375e-02 6.385711518804640385e-04 6.220816400692969579e-04 6.750447280242732146e-04 1.231969215281415675e+00
5.958718510391094320e-02 5.171393456019163226e-02 6.010957252431403663e-02 8.763016009119637545e-04 6.586083684324237639e-04 7.806011121372112083e-04 1.327671328581559340e+00
5.935157562471349985e-02 5.371727625429136010e-02 5.964641861816175755e-02 6.370637609562309657e-04 7.398883129880342137e-04 6.995169878317921298e-04 1.220777562422126650e+00
5.766700048470690260e-02 5.050878323078030613e-02 5.866214719143391515e-02 7.743457614492327279e-04 6.763716931679973317e-04 7.652697905560886448e-04 1.303529644141227628e+00
5.837495796034073564e-02 5.099717502361571231e-02 6.064184649640632502e-02 8.069238564822542314e-04 6.995850782801736481e-04 7.468137820639974720e-04 1.310270379726521162e+00
5.870790293414653027e-02 5.173779539625721069e-02 5.978538050935463394e-02 7.698183944601969496e-04 6.886286872140483023e-04 7.948998282644837527e-04 1.287589116173613490e+00
5.727196626121650036e-02 5.188966105456414846e-02 5.943810685114507553e-02 5.875411950683698953e-04 5.231218017118451124e-04 6.715605120008651813e-04 1.218211007527244760e+00
5.759021109819091599e-02 5.180061133414375074e-02 5.827729109910553124e-02 6.333290797431701501e-04 7.139618746559397338e-04 7.572189748710040583e-04 1.236025898219851982e+00
5.695557572636875815e-02 5.074308832967480004e-02 5.865081874594749167e-02 6.690765930889475306e-04 7.082509076016050946e-04 7.789170514456363352e-04 1.259849595628778074e+00
5.708329278072998836e-02 5.327299284707438104e-02 5.966719608211478593e-02 4.204905478061024895e-04 7.025308666247324094e-04 8.046650855896081899e-04 1.148163778851317485e+00
5.943323034415964878e-02 5.240743272428548954e-02 6.011660604293743437e-02 7.857698643914299251e-04 7.047964381431345588e-04 8.072764899899567042e-04 1.286094558654486519e+00
5.845594606229602419e-02 5.218108942185668842e-02 5.963470656978270279e-02 6.942315367862582527e-04 6.539589438256345659e-04 7.366458847288843027e-04 1.254963524833924815e+00
5.853635081871768481e-02 5.326283358764940384e-02 6.023692522090921819e-02 5.895749253863572133e-04 5.974938276031668176e-04 7.124219907326355536e-04 1.207821497673648325e+00
5.864787750852114984e-02 5.247188477262963724e-02 6.056885001889573267e-02 6.862748446623788412e-04 6.936473617150378402e-04 7.885141046743173159e-04 1.249255500958936560e+00
5.703790342400087698e-02 5.186476227336053735e-02 5.909533891693918850e-02 5.633688613334484306e-04 6.118038443742249014e-04 7.204128362605517191e-04 1.209434418691411883e+00
5.717116197878769485e-02 5.148065939183523593e-02 5.917707860386731827e-02 6.182834705866263776e-04 6.277989324699011480e-04 7.096375987313845082e-04 1.233291778612183087e+00
5.758987890836184120e-02 5.214653590478252748e-02 6.009160068984234493e-02 5.973329458110071023e-04 5.808618812962025807e-04 6.092240534234576134e-04 1.219667365644080848e+00
5.926881644411913924e-02 5.383779823117049168e-02 6.163683401444005477e-02 6.142840843064629498e-04 6.771346796472600465e-04 7.578458876428922865e-04 1.211931095048064178e+00
5.799936737659183716e-02 5.269718910411481938e-02 5.935836908018196634e-02 5.869328766100281349e-04 7.302960605542666407e-04 7.597674607624951663e-04 1.211355491467915213e+00
5.798884454002600775e-02 5.150105964833927297e-02 5.888877760839247161e-02 7.103469461855042334e-04 5.643649850487171072e-04 7.165752510535039433e-04 1.267817029059163936e+00
5.779962392887737221e-02 5.103073469449622562e-02 5.898972211025815815e-02 7.366606428595929082e-04 6.498668768499708077e-04 6.684745500035908046e-04 1.282881030724405624e+00
5.940418198038376063e-02 5.189920790951284280e-02 5.970232854329797501e-02 8.353290551237103900e-04 5.722051581954046935e-04 7.481481797250386914e-04 1.310124536609273971e+00
5.817269695107290389e-02 5.338104337676733563e-02 5.927734047097460435e-02 5.345268785690508555e-04 7.368269630735705409e-04 8.396213950027940675e-04 1.187583844383061749e+00
5.879871790819526239e-02 5.282457286685082049e-02 5.974786055292643366e-02 6.668537290822900039e-04 5.858440746235730242e-04 6.725704762072012149e-04 1.238978370732872758e+00
5.772149266835436415e-02 5.256974195359739171e-02 5.927180940272433474e-02 5.681929467950689108e-04 6.387173038240784350e-04 7.596642862005691674e-04 1.205600491201926916e+00
5.845715321402131931e-02 5.137892276344536296e-02 5.939440793291430459e-02 7.774450575554789182e-04 6.595432663167771813e-04 6.961367245731577436e-04 1.294509777896521996e+00
5.815092517341381717e-02 5.260054764705766883e-02 5.997916778413644318e-02 6.147124857535887256e-04 6.890365332717275247e-04 7.030935275582283431e-04 1.222173114308783060e+00
5.851732194733878095e-02 5.331753017821403567e-02 5.973937108537177854e-02 5.815179435837321276e-04 6.233730936705402740e-04 7.535554088069377826e-04 1.204561110742037089e+00
5.836890935783394657e-02 5.108770198912526705e-02 5.934246891969323368e-02 7.969762850933616999e-04 6.808140440171627080e-04 7.457046020447753894e-04 1.305360362870777280e+00
5.889147784218218273e-02 5.215293885745250768e-02 5.968414228312188957e-02 7.482771309670556599e-04 7.455532070114648637e-04 8.029066042135438218e-04 1.275109064357782485e+00
5.859796982904295903e-02 5.167246683982809619e-02 5.896470842926797296e-02 7.636782387722947443e-04 7.161348334048682268e-04 7.312577768048109279e-04 1.286017117167979285e+00
5.862260109289905985e-02 5.226919018297173508e-02 5.953380942653970637e-02 7.045411165135010388e-04 6.856174660585948391e-04 7.245621244787250632e-04 1.257878300982264053e+00
5.810390942814377263e-02 5.229558854305995513e-02 5.981281876125914276e-02 6.412357097689111614e-04 6.935103497479623005e-04 8.067590838779697742e-04 1.234470165409487841e+00
5.932775081089583513e-02 5.304659222016073344e-02 6.089049425247634179e-02 7.058410701077343086e-04 6.009406744380459955e-04 7.251201177465900352e-04 1.250837200783454506e+00
5.699977164722967032e-02 5.080866184093763699e-02 5.852129012558170834e-02 6.674538497695747287e-04 5.838939651366121652e-04 7.709635986739019542e-04 1.258550706267366648e+00
5.861731316019647142e-02 5.267085959121309280e-02 6.008717772778090355e-02 6.617699520432584505e-04 6.701624156553835643e-04 7.693721088390012260e-04 1.238542755521673921e+00
5.656865719811086241e-02 5.192583826977061751e-02 5.908058996933390067e-02 5.037202971790049645e-04 6.369577203789096890e-04 7.074204596489731258e-04 1.186819591549524322e+00
5.823150861720483712e-02 5.321711725648618080e-02 5.967145722229443006e-02 5.588470267450019492e-04 6.385881580194555313e-04 8.149530675615764387e-04 1.197328699645626937e+00
5.897888114909380364e-02 5.179858560675600077e-02 5.980832904635118019e-02 7.954149507385026123e-04 6.149992633165175413e-04 7.240173600795370189e-04 1.296454431937261065e+00
6.038223070355428629e-02 5.388001911009240863e-02 6.079260519808056540e-02 7.429573254333307099e-04 6.089956582047225840e-04 6.234552935906402700e-04 1.255922451336503487e+00
5.809983011478087739e-02 5.140058317462053994e-02 6.616928389446710690e-02 7.335703086753147042e-04 7.168403105603864903e-04 7.545313332545229524e-04 1.277655098131803113e+00
5.696918557402744915e-02 5.196813693359639968e-02 5.870282611622882479e-02 5.448008486189509503e-04 6.582635747118780996e-04 7.493687587281224697e-04 1.201726744678852876e+00
