sigma_18, sigma_D, sigma_17,  diff1,  diff2, diff2_17O,  divis,  diff3 
8.406120e-02 7.947352e-02 8.866239e-02 7.502452e-04 9.119011e-04 1.292218e-03 1.118784e+00 8.879600e-04 
8.380337e-02 7.831881e-02 8.617316e-02 8.891689e-04 8.364840e-04 1.171058e-03 1.144961e+00 9.366065e-04 
8.553854e-02 7.710383e-02 8.676489e-02 1.371840e-03 8.719255e-04 1.091569e-03 1.230755e+00 1.012008e-03 
8.344520e-02 7.628103e-02 8.495632e-02 1.144305e-03 9.941047e-04 1.262887e-03 1.196657e+00 9.614162e-04 
8.448344e-02 7.951262e-02 8.732005e-02 8.151949e-04 1.030111e-03 1.222523e-03 1.128941e+00 9.366065e-04 
8.184912e-02 7.528519e-02 8.501738e-02 1.031418e-03 9.191674e-04 1.165896e-03 1.181977e+00 9.121211e-04 
8.621742e-02 7.788063e-02 8.795454e-02 1.368051e-03 1.003435e-03 1.276889e-03 1.225550e+00 9.865502e-04 
8.671111e-02 7.821381e-02 8.535882e-02 1.401415e-03 8.593693e-04 1.242460e-03 1.229087e+00 1.012008e-03 
8.305992e-02 7.577220e-02 8.393086e-02 1.157524e-03 1.000322e-03 1.177958e-03 1.201609e+00 1.037791e-03 
8.476810e-02 7.826821e-02 8.569608e-02 1.059718e-03 1.141526e-03 1.194199e-03 1.172989e+00 1.037791e-03 
8.303103e-02 7.643501e-02 8.544345e-02 1.051841e-03 1.164201e-03 1.248263e-03 1.180039e+00 1.063898e-03 
8.562358e-02 7.802235e-02 8.648801e-02 1.243910e-03 9.994562e-04 1.289138e-03 1.204339e+00 1.012008e-03 
8.051943e-02 7.615984e-02 8.236780e-02 6.830576e-04 1.075102e-03 1.236491e-03 1.117762e+00 9.121211e-04 
8.401003e-02 7.831811e-02 8.540832e-02 9.239595e-04 1.031575e-03 1.175135e-03 1.150636e+00 1.063898e-03 
8.440022e-02 7.715584e-02 8.554517e-02 1.170373e-03 9.946736e-04 1.187004e-03 1.196601e+00 1.012008e-03 
9.123130e-02 8.024166e-02 9.000436e-02 1.884426e-03 1.029623e-03 1.370511e-03 1.292671e+00 1.090329e-03 
8.305958e-02 7.627452e-02 8.413209e-02 1.081092e-03 9.592597e-04 1.216052e-03 1.185825e+00 9.865502e-04 
8.495660e-02 8.102560e-02 8.745649e-02 6.524760e-04 9.012342e-04 1.351778e-03 1.099385e+00 8.174226e-04 
8.321727e-02 7.581012e-02 8.525505e-02 1.177939e-03 1.028873e-03 1.277824e-03 1.204960e+00 9.366065e-04 
8.248826e-02 7.725284e-02 8.585517e-02 8.363118e-04 1.009483e-03 1.303209e-03 1.140133e+00 9.366065e-04 
8.490654e-02 7.926883e-02 8.782488e-02 9.255734e-04 1.033175e-03 1.100101e-03 1.147301e+00 9.614162e-04 
8.230554e-02 7.628664e-02 8.497713e-02 9.545498e-04 1.085371e-03 1.248908e-03 1.164022e+00 1.037791e-03 
8.643601e-02 7.820095e-02 8.730068e-02 1.355797e-03 1.026352e-03 1.119401e-03 1.221702e+00 1.037791e-03 
8.497826e-02 7.930019e-02 8.661208e-02 9.327851e-04 1.174623e-03 1.294163e-03 1.148331e+00 9.614162e-04 
8.560211e-02 7.786708e-02 8.762124e-02 1.264439e-03 1.246555e-03 1.229761e-03 1.208540e+00 9.614162e-04 
8.573943e-02 7.768438e-02 8.823706e-02 1.316388e-03 1.083689e-03 1.223827e-03 1.218131e+00 1.063898e-03 
8.425475e-02 7.791454e-02 8.664728e-02 1.028186e-03 1.087429e-03 1.259110e-03 1.169369e+00 1.012008e-03 
8.324832e-02 7.620283e-02 8.556508e-02 1.123411e-03 9.740750e-04 1.189722e-03 1.193462e+00 1.037791e-03 
8.669009e-02 7.867573e-02 8.820194e-02 1.325301e-03 9.833531e-04 1.246421e-03 1.214108e+00 9.865502e-04 
8.493075e-02 7.837401e-02 8.744121e-02 1.070748e-03 9.568743e-04 1.159481e-03 1.174318e+00 9.614162e-04 
8.441225e-02 7.633852e-02 8.702110e-02 1.297858e-03 1.133912e-03 1.225551e-03 1.222710e+00 1.090329e-03 
8.342471e-02 7.893665e-02 8.566552e-02 7.286884e-04 9.976321e-04 1.122635e-03 1.116946e+00 9.865502e-04 
8.401251e-02 7.851280e-02 8.705349e-02 8.938429e-04 1.114765e-03 1.264361e-03 1.145004e+00 1.037791e-03 
8.601687e-02 7.716812e-02 8.644097e-02 1.443984e-03 9.665636e-04 1.246430e-03 1.242486e+00 9.366065e-04 
8.496442e-02 7.798257e-02 8.637844e-02 1.137672e-03 1.028592e-03 1.226069e-03 1.187078e+00 1.012008e-03 
8.431009e-02 7.830157e-02 8.662656e-02 9.770560e-04 1.059797e-03 1.157077e-03 1.159360e+00 8.641232e-04 
8.422639e-02 7.679784e-02 8.656306e-02 1.196176e-03 1.056778e-03 1.308229e-03 1.202814e+00 1.012008e-03 
8.538032e-02 7.780721e-02 8.640259e-02 1.235837e-03 1.073155e-03 1.223152e-03 1.204137e+00 1.063898e-03 
8.176411e-02 7.599799e-02 8.493262e-02 9.096764e-04 1.125976e-03 1.369827e-03 1.157501e+00 1.063898e-03 
8.387426e-02 7.748947e-02 8.694336e-02 1.030274e-03 1.070479e-03 1.061535e-03 1.171580e+00 9.614162e-04 
8.555255e-02 7.873660e-02 8.558677e-02 1.119786e-03 1.123849e-03 1.223819e-03 1.180627e+00 1.037791e-03 
8.527780e-02 7.854602e-02 8.634949e-02 1.102825e-03 1.064278e-03 1.194445e-03 1.178755e+00 1.037791e-03 
8.565780e-02 7.897224e-02 8.789272e-02 1.100644e-03 1.038675e-03 1.210289e-03 1.176481e+00 1.037791e-03 
8.119151e-02 7.582054e-02 8.443800e-02 8.433080e-04 8.863154e-04 1.173671e-03 1.146694e+00 8.879600e-04 
8.535671e-02 7.720819e-02 8.558207e-02 1.324662e-03 1.212577e-03 1.361013e-03 1.222218e+00 1.063898e-03 
8.635932e-02 7.805514e-02 8.765730e-02 1.365328e-03 7.986767e-04 1.152767e-03 1.224096e+00 9.366065e-04 
8.334236e-02 7.604325e-02 8.512693e-02 1.163373e-03 1.183590e-03 1.172740e-03 1.201186e+00 1.012008e-03 
8.241103e-02 7.714410e-02 8.510917e-02 8.403651e-04 1.119535e-03 1.201118e-03 1.141209e+00 1.012008e-03 
8.449466e-02 7.909928e-02 8.754038e-02 8.826518e-04 1.109847e-03 1.280385e-03 1.141073e+00 1.012008e-03 
8.933944e-02 8.046132e-02 8.846934e-02 1.507511e-03 8.630263e-04 1.114870e-03 1.232855e+00 1.037791e-03 
8.420734e-02 7.775370e-02 8.619063e-02 1.045238e-03 1.124353e-03 1.226085e-03 1.172891e+00 1.037791e-03 
8.575224e-02 7.976460e-02 8.804628e-02 9.910565e-04 9.360109e-04 1.287971e-03 1.155768e+00 9.865502e-04 
8.628221e-02 7.947282e-02 8.780298e-02 1.128692e-03 1.156154e-03 1.258211e-03 1.178706e+00 1.037791e-03 
8.461129e-02 7.936240e-02 8.746694e-02 8.606806e-04 1.040663e-03 1.393731e-03 1.136651e+00 9.614162e-04 
8.294171e-02 7.515723e-02 8.426223e-02 1.230717e-03 9.792261e-04 1.262062e-03 1.217880e+00 9.865502e-04 
8.442281e-02 7.847303e-02 8.638332e-02 9.691955e-04 1.098276e-03 1.343053e-03 1.157388e+00 1.012008e-03 
8.447343e-02 7.873252e-02 8.638307e-02 9.369509e-04 1.033142e-03 1.142213e-03 1.151150e+00 9.121211e-04 
8.289359e-02 7.438775e-02 8.384785e-02 1.337810e-03 1.095456e-03 1.321690e-03 1.241764e+00 1.037791e-03 
8.391019e-02 7.955200e-02 8.606449e-02 7.123993e-04 1.070320e-03 1.315963e-03 1.112570e+00 1.012008e-03 
8.653148e-02 8.138159e-02 8.804392e-02 8.647341e-04 1.047760e-03 1.230061e-03 1.130566e+00 9.865502e-04 
8.319146e-02 7.601231e-02 8.476140e-02 1.142949e-03 1.095864e-03 1.172889e-03 1.197815e+00 1.037791e-03 
8.650474e-02 7.823254e-02 8.591620e-02 1.362739e-03 9.628356e-04 1.181754e-03 1.222658e+00 9.865502e-04 
7.990854e-02 7.470295e-02 8.383949e-02 8.048444e-04 8.847643e-04 1.157057e-03 1.144224e+00 8.879600e-04 
8.461389e-02 7.634479e-02 8.421581e-02 1.330983e-03 9.342263e-04 1.167978e-03 1.228357e+00 9.614162e-04 
8.588476e-02 7.858770e-02 8.651194e-02 1.200165e-03 1.047803e-03 1.166059e-03 1.194326e+00 1.090329e-03 
8.336541e-02 7.800124e-02 8.572974e-02 8.655989e-04 9.677221e-04 1.205130e-03 1.142270e+00 1.063898e-03 
8.479952e-02 7.970748e-02 8.757694e-02 8.376762e-04 9.977724e-04 1.209924e-03 1.131849e+00 9.614162e-04 
8.031783e-02 7.761649e-02 8.424536e-02 4.266339e-04 8.864166e-04 1.095231e-03 1.070819e+00 9.366065e-04 
8.483352e-02 7.758423e-02 8.612425e-02 1.177414e-03 1.030447e-03 1.355788e-03 1.195606e+00 9.614162e-04 
8.276555e-02 7.603485e-02 8.380263e-02 1.068837e-03 9.745340e-04 1.123019e-03 1.184878e+00 1.012008e-03 
8.493038e-02 7.693478e-02 8.705036e-02 1.294209e-03 1.220987e-03 1.342659e-03 1.218655e+00 1.012008e-03 
8.047649e-02 7.676184e-02 8.337437e-02 5.840846e-04 1.001909e-03 1.270309e-03 1.099125e+00 9.614162e-04 
8.865069e-02 7.951821e-02 8.903741e-02 1.535800e-03 1.129198e-03 1.241551e-03 1.242885e+00 1.063898e-03 
8.524236e-02 7.840680e-02 8.667709e-02 1.118634e-03 1.139255e-03 1.348395e-03 1.181962e+00 1.090329e-03 
8.456759e-02 7.894567e-02 8.596684e-02 9.192597e-04 1.093402e-03 1.250825e-03 1.147496e+00 9.614162e-04 
8.386945e-02 7.776934e-02 8.625269e-02 9.860157e-04 1.115645e-03 1.299617e-03 1.163030e+00 1.037791e-03 
8.458618e-02 7.695032e-02 8.609123e-02 1.233470e-03 9.643202e-04 1.252852e-03 1.208309e+00 9.865502e-04 
8.213921e-02 7.793396e-02 8.641860e-02 6.731467e-04 1.011984e-03 1.153117e-03 1.110830e+00 9.121211e-04 
8.443233e-02 7.853530e-02 8.568783e-02 9.610247e-04 1.104274e-03 1.203545e-03 1.155813e+00 9.865502e-04 
8.513459e-02 7.861203e-02 8.648891e-02 1.068048e-03 1.026305e-03 1.220813e-03 1.172827e+00 9.865502e-04 
8.081993e-02 7.525871e-02 8.436069e-02 8.679873e-04 1.026216e-03 1.246995e-03 1.153250e+00 9.865502e-04 
8.263009e-02 7.733808e-02 8.317371e-02 8.465534e-04 1.083362e-03 1.259334e-03 1.141536e+00 1.012008e-03 
8.504925e-02 8.035817e-02 8.633117e-02 7.759391e-04 1.038780e-03 1.264763e-03 1.120162e+00 9.614162e-04 
8.418307e-02 7.648954e-02 8.472016e-02 1.236139e-03 9.649748e-04 1.287029e-03 1.211282e+00 9.366065e-04 
8.484666e-02 7.855259e-02 8.738359e-02 1.028447e-03 1.112651e-03 1.273632e-03 1.166671e+00 9.865502e-04 
8.394545e-02 7.625299e-02 8.542260e-02 1.232320e-03 1.167804e-03 1.181653e-03 1.211939e+00 1.090329e-03 
8.472838e-02 7.906751e-02 8.651988e-02 9.272266e-04 9.921729e-04 1.090578e-03 1.148317e+00 9.865502e-04 
8.575679e-02 7.789099e-02 8.695020e-02 1.287221e-03 1.027268e-03 1.291040e-03 1.212167e+00 1.063898e-03 
8.757493e-02 7.991208e-02 9.065771e-02 1.283427e-03 1.051926e-03 1.185544e-03 1.200977e+00 9.366065e-04 
8.740934e-02 8.138729e-02 8.853498e-02 1.016502e-03 1.027183e-03 1.325632e-03 1.153460e+00 9.121211e-04 
8.537809e-02 7.888009e-02 8.643125e-02 1.067351e-03 9.168120e-04 1.235422e-03 1.171543e+00 9.865502e-04 
8.414558e-02 7.837450e-02 8.586117e-02 9.379171e-04 1.080574e-03 1.183785e-03 1.152692e+00 9.614162e-04 
8.582044e-02 7.733693e-02 8.776368e-02 1.384147e-03 9.360889e-04 1.165062e-03 1.231424e+00 9.366065e-04 
8.657007e-02 7.812028e-02 8.746085e-02 1.391598e-03 9.869698e-04 1.236382e-03 1.228027e+00 1.063898e-03 
8.492272e-02 7.726287e-02 8.704758e-02 1.242317e-03 1.123443e-03 1.280408e-03 1.208109e+00 1.012008e-03 
8.641906e-02 7.657088e-02 8.516393e-02 1.605155e-03 9.849433e-04 1.195843e-03 1.273773e+00 9.865502e-04 
8.210234e-02 7.593052e-02 8.452533e-02 9.753494e-04 1.191625e-03 1.334438e-03 1.169172e+00 1.037791e-03 
8.360923e-02 7.651304e-02 8.509495e-02 1.136258e-03 1.006524e-03 1.237948e-03 1.194091e+00 9.865502e-04 
8.248224e-02 7.672716e-02 8.515296e-02 9.162631e-04 1.108466e-03 1.246826e-03 1.155640e+00 1.063898e-03 
8.736302e-02 7.678693e-02 8.443855e-02 1.736064e-03 1.257180e-03 1.437826e-03 1.294436e+00 1.037791e-03 
8.167750e-02 7.516875e-02 8.261486e-02 1.020873e-03 1.073556e-03 1.353160e-03 1.180675e+00 1.063898e-03 
8.655001e-02 8.061674e-02 8.771165e-02 9.918462e-04 1.177397e-03 1.240872e-03 1.152614e+00 1.037791e-03 
8.809505e-02 7.900773e-02 8.766035e-02 1.518517e-03 9.811256e-04 1.092534e-03 1.243265e+00 1.063898e-03 
8.485706e-02 7.685254e-02 8.645912e-02 1.294408e-03 1.020655e-03 1.362682e-03 1.219157e+00 8.641232e-04 
8.288690e-02 7.664942e-02 8.559576e-02 9.951042e-04 1.079010e-03 1.140869e-03 1.169376e+00 9.614162e-04 
8.714226e-02 7.900881e-02 8.858843e-02 1.351382e-03 9.184128e-04 1.209031e-03 1.216485e+00 9.366065e-04 
8.652232e-02 8.082518e-02 8.750908e-02 9.534022e-04 1.050419e-03 1.181184e-03 1.145943e+00 1.037791e-03 
8.406499e-02 7.790000e-02 8.552249e-02 9.985122e-04 9.094920e-04 1.155024e-03 1.164543e+00 9.614162e-04 
8.469955e-02 7.828072e-02 8.680748e-02 1.046143e-03 1.055741e-03 1.321628e-03 1.170719e+00 9.614162e-04 
8.488449e-02 7.770649e-02 8.626153e-02 1.167078e-03 1.100073e-03 1.231954e-03 1.193279e+00 1.012008e-03 
8.358945e-02 7.631340e-02 8.577513e-02 1.163461e-03 9.509834e-04 1.293652e-03 1.199779e+00 9.614162e-04 
8.404842e-02 7.898015e-02 8.681807e-02 8.262732e-04 1.007354e-03 1.058483e-03 1.132461e+00 1.012008e-03 
8.617472e-02 7.790902e-02 8.707446e-02 1.356266e-03 1.184689e-03 1.386363e-03 1.223444e+00 1.117085e-03 
8.347905e-02 7.770490e-02 8.573223e-02 9.307002e-04 1.127180e-03 1.188880e-03 1.154139e+00 9.614162e-04 
8.301486e-02 7.686379e-02 8.642223e-02 9.834239e-04 1.076091e-03 1.262794e-03 1.166455e+00 1.012008e-03 
8.211486e-02 7.637267e-02 8.467393e-02 9.100656e-04 9.225074e-04 1.236961e-03 1.156026e+00 9.121211e-04 
8.240755e-02 7.592248e-02 8.377168e-02 1.026783e-03 9.165345e-04 1.189259e-03 1.178130e+00 9.614162e-04 
8.725404e-02 7.870623e-02 8.766327e-02 1.418597e-03 1.053814e-03 1.223359e-03 1.229003e+00 9.366065e-04 
8.594408e-02 7.815264e-02 8.668972e-02 1.278549e-03 1.098394e-03 1.192779e-03 1.209329e+00 1.117085e-03 
8.569969e-02 7.822860e-02 8.569019e-02 1.224724e-03 9.589924e-04 1.170535e-03 1.200128e+00 9.865502e-04 
8.495297e-02 7.732635e-02 8.494455e-02 1.237644e-03 1.093326e-03 1.234779e-03 1.206986e+00 1.090329e-03 
8.444272e-02 7.696283e-02 8.533224e-02 1.207295e-03 1.125147e-03 1.304244e-03 1.203822e+00 1.090329e-03 
8.216665e-02 7.631532e-02 8.447764e-02 9.273297e-04 9.340617e-04 1.136293e-03 1.159225e+00 9.366065e-04 
8.574249e-02 7.762878e-02 8.797614e-02 1.325548e-03 9.831576e-04 1.177490e-03 1.219963e+00 9.865502e-04 
8.054784e-02 7.590598e-02 8.577253e-02 7.262356e-04 1.070947e-03 1.347209e-03 1.126045e+00 1.037791e-03 
8.425542e-02 7.709518e-02 8.552741e-02 1.155308e-03 1.017554e-03 1.215830e-03 1.194376e+00 9.865502e-04 
8.525233e-02 7.792185e-02 8.615543e-02 1.196145e-03 1.018022e-03 1.152477e-03 1.197000e+00 9.865502e-04 
8.311674e-02 7.662888e-02 8.552306e-02 1.036407e-03 1.037359e-03 1.104912e-03 1.176500e+00 9.865502e-04 
8.483594e-02 7.775575e-02 8.639047e-02 1.151179e-03 8.388693e-04 1.130031e-03 1.190405e+00 9.865502e-04 
8.828890e-02 8.154619e-02 8.926738e-02 1.145149e-03 9.011945e-04 1.107652e-03 1.172208e+00 9.865502e-04 
8.174831e-02 7.529144e-02 8.467623e-02 1.013986e-03 9.713019e-04 1.214377e-03 1.178871e+00 1.012008e-03 
8.362706e-02 7.899231e-02 8.773278e-02 7.536989e-04 9.910104e-04 1.129207e-03 1.120789e+00 9.865502e-04 
8.625365e-02 7.676386e-02 8.613569e-02 1.547002e-03 1.242148e-03 1.335158e-03 1.262529e+00 1.037791e-03 
8.435322e-02 7.664112e-02 8.478575e-02 1.241605e-03 1.069377e-03 1.078503e-03 1.211378e+00 1.012008e-03 
8.136495e-02 7.285398e-02 8.250855e-02 1.312553e-03 1.084198e-03 1.186791e-03 1.247292e+00 1.063898e-03 
8.566441e-02 8.040830e-02 8.810196e-02 8.728959e-04 1.033778e-03 1.129145e-03 1.135008e+00 9.614162e-04 
8.373844e-02 7.581621e-02 8.661560e-02 1.264029e-03 1.076843e-03 1.257662e-03 1.219904e+00 9.614162e-04 
8.352202e-02 7.870781e-02 8.558376e-02 7.810088e-04 1.033357e-03 1.247302e-03 1.126072e+00 9.614162e-04 
8.512874e-02 7.873305e-02 8.662648e-02 1.048010e-03 9.824920e-04 1.077900e-03 1.169064e+00 9.121211e-04 
8.731519e-02 7.927508e-02 8.959670e-02 1.339405e-03 1.214388e-03 1.250370e-03 1.213127e+00 1.117085e-03 
8.213907e-02 7.523199e-02 8.431552e-02 1.086974e-03 9.021528e-04 1.218936e-03 1.192050e+00 9.865502e-04 
8.342137e-02 7.737670e-02 8.673877e-02 9.719711e-04 8.887284e-04 1.188198e-03 1.162343e+00 9.121211e-04 
8.388186e-02 7.898845e-02 8.751060e-02 7.969908e-04 9.405853e-04 1.074343e-03 1.127740e+00 9.121211e-04 
8.375204e-02 7.399562e-02 8.550580e-02 1.539053e-03 1.027864e-03 1.191525e-03 1.281088e+00 1.063898e-03 
8.451460e-02 7.843623e-02 8.700932e-02 9.904760e-04 1.139863e-03 1.234794e-03 1.160994e+00 9.865502e-04 
8.403351e-02 7.887216e-02 8.584704e-02 8.408123e-04 1.153542e-03 1.310984e-03 1.135161e+00 1.012008e-03 
8.388655e-02 7.832664e-02 8.679122e-02 9.018909e-04 1.111985e-03 1.251178e-03 1.147006e+00 1.037791e-03 
8.292207e-02 7.854805e-02 8.580088e-02 7.062733e-04 1.140228e-03 1.247102e-03 1.114473e+00 9.865502e-04 
8.555366e-02 7.759894e-02 8.607342e-02 1.297833e-03 9.834343e-04 1.204182e-03 1.215530e+00 1.037791e-03 
8.412761e-02 7.683443e-02 8.542414e-02 1.173925e-03 8.585212e-04 1.036729e-03 1.198851e+00 1.012008e-03 
8.504956e-02 8.109680e-02 8.714233e-02 6.567374e-04 1.140243e-03 1.202688e-03 1.099858e+00 1.012008e-03 
8.366656e-02 7.696940e-02 8.622626e-02 1.075805e-03 1.026014e-03 1.181182e-03 1.181592e+00 1.012008e-03 
8.275524e-02 7.682889e-02 8.515755e-02 9.457519e-04 1.134195e-03 1.161896e-03 1.160224e+00 1.012008e-03 
8.053250e-02 7.662398e-02 8.408182e-02 6.142490e-04 9.583154e-04 1.104230e-03 1.104620e+00 1.063898e-03 
8.208213e-02 7.507109e-02 8.388512e-02 1.101807e-03 1.039059e-03 1.248333e-03 1.195506e+00 1.012008e-03 
8.376951e-02 7.745615e-02 8.594754e-02 1.017876e-03 9.757371e-04 1.244078e-03 1.169661e+00 9.865502e-04 
8.707785e-02 7.920919e-02 8.749851e-02 1.308457e-03 9.834214e-04 1.100181e-03 1.208549e+00 1.012008e-03 
8.179609e-02 7.759335e-02 8.532986e-02 6.698722e-04 9.472732e-04 1.330003e-03 1.111261e+00 9.366065e-04 
8.489622e-02 7.695333e-02 8.665007e-02 1.285553e-03 8.789171e-04 1.143860e-03 1.217088e+00 9.614162e-04 
8.335342e-02 7.513676e-02 8.400315e-02 1.302259e-03 1.042602e-03 1.276195e-03 1.230671e+00 1.063898e-03 
8.005092e-02 7.579378e-02 8.482188e-02 6.634527e-04 1.083417e-03 1.277907e-03 1.115490e+00 9.366065e-04 
9.175397e-02 8.240614e-02 9.075928e-02 1.628020e-03 1.002399e-03 1.259488e-03 1.239740e+00 1.037791e-03 
8.510573e-02 7.904031e-02 8.686383e-02 9.956142e-04 9.682414e-04 1.242513e-03 1.159365e+00 1.012008e-03 
8.309888e-02 7.643865e-02 8.523919e-02 1.062557e-03 1.173414e-03 1.313655e-03 1.181855e+00 1.090329e-03 
8.573782e-02 7.958633e-02 8.707052e-02 1.016989e-03 8.993275e-04 1.077310e-03 1.160561e+00 1.012008e-03 
8.529085e-02 7.856139e-02 8.660745e-02 1.102637e-03 1.069086e-03 1.088171e-03 1.178655e+00 9.366065e-04 
8.096249e-02 7.608186e-02 8.466823e-02 7.664747e-04 1.214961e-03 1.292429e-03 1.132414e+00 1.063898e-03 
8.315828e-02 7.821972e-02 8.645721e-02 7.969747e-04 1.074602e-03 1.214468e-03 1.130260e+00 1.012008e-03 
8.440687e-02 7.767989e-02 8.542892e-02 1.090355e-03 9.966185e-04 1.185199e-03 1.180697e+00 9.121211e-04 
8.478481e-02 7.973254e-02 8.628631e-02 8.311866e-04 1.092337e-03 1.367254e-03 1.130746e+00 9.865502e-04 
8.587868e-02 7.891010e-02 8.694561e-02 1.148343e-03 1.076967e-03 1.306349e-03 1.184419e+00 1.063898e-03 
8.264024e-02 7.531213e-02 8.418078e-02 1.157492e-03 8.919533e-04 1.308768e-03 1.204074e+00 9.865502e-04 
8.351840e-02 7.784264e-02 8.611744e-02 9.158469e-04 8.967510e-04 1.194275e-03 1.151143e+00 9.366065e-04 
8.670989e-02 8.127693e-02 8.831272e-02 9.126652e-04 9.977482e-04 1.172558e-03 1.138158e+00 9.614162e-04 
8.407060e-02 7.765302e-02 8.661776e-02 1.037875e-03 9.379268e-04 1.139773e-03 1.172119e+00 9.121211e-04 
8.429418e-02 7.722315e-02 8.593093e-02 1.142094e-03 1.041033e-03 1.314460e-03 1.191517e+00 9.366065e-04 
8.589520e-02 7.825402e-02 8.650791e-02 1.254294e-03 1.091401e-03 1.268074e-03 1.204826e+00 9.366065e-04 
8.046400e-02 7.387467e-02 8.209792e-02 1.016988e-03 1.119383e-03 1.392301e-03 1.186348e+00 9.865502e-04 
8.937468e-02 8.219836e-02 8.942098e-02 1.231263e-03 1.063162e-03 1.235829e-03 1.182232e+00 1.012008e-03 
8.707062e-02 8.039735e-02 8.915589e-02 1.117558e-03 9.758453e-04 1.189392e-03 1.172897e+00 1.037791e-03 
8.485499e-02 7.875569e-02 8.662891e-02 9.979108e-04 1.031893e-03 1.240481e-03 1.160890e+00 1.012008e-03 
8.132038e-02 7.599702e-02 8.464669e-02 8.374571e-04 1.046409e-03 1.188470e-03 1.145000e+00 9.614162e-04 
8.332819e-02 7.707541e-02 8.731634e-02 1.002969e-03 1.122187e-03 1.312615e-03 1.168832e+00 1.037791e-03 
8.415359e-02 7.925666e-02 8.646702e-02 8.002087e-04 1.019500e-03 1.173775e-03 1.127389e+00 1.063898e-03 
8.411308e-02 7.771761e-02 8.706940e-02 1.034983e-03 1.147228e-03 1.325719e-03 1.171354e+00 1.037791e-03 
8.654163e-02 7.895269e-02 8.681622e-02 1.255926e-03 9.229465e-04 1.234310e-03 1.201479e+00 9.121211e-04 
8.716456e-02 7.864278e-02 8.885602e-02 1.412974e-03 9.026411e-04 1.241191e-03 1.228463e+00 9.366065e-04 
8.168587e-02 7.436051e-02 8.219110e-02 1.143096e-03 1.125893e-03 1.309845e-03 1.206727e+00 1.037791e-03 
8.330970e-02 7.651475e-02 8.497624e-02 1.085999e-03 1.271049e-03 1.223235e-03 1.185498e+00 1.063898e-03 
8.626937e-02 7.969041e-02 8.850511e-02 1.091844e-03 8.898304e-04 1.116161e-03 1.171929e+00 9.366065e-04 
8.744369e-02 7.990058e-02 8.697857e-02 1.262296e-03 1.117629e-03 1.110591e-03 1.197725e+00 1.090329e-03 
8.314337e-02 7.729828e-02 8.545672e-02 9.377966e-04 1.108790e-03 1.181599e-03 1.156953e+00 9.865502e-04 
8.474515e-02 7.722019e-02 8.566203e-02 1.218784e-03 1.009967e-03 1.227710e-03 1.204392e+00 9.865502e-04 
8.454173e-02 7.806219e-02 8.612950e-02 1.053599e-03 1.102551e-03 1.185295e-03 1.172900e+00 9.614162e-04 
8.622732e-02 7.834194e-02 8.698239e-02 1.297691e-03 9.191791e-04 1.214632e-03 1.211438e+00 9.366065e-04 
8.280187e-02 7.756636e-02 8.575459e-02 8.396093e-04 9.607787e-04 1.112445e-03 1.139550e+00 9.366065e-04 
8.312916e-02 7.800456e-02 8.559393e-02 8.257457e-04 1.048560e-03 1.249791e-03 1.135708e+00 9.614162e-04 
8.564541e-02 7.820461e-02 8.590424e-02 1.219176e-03 1.086623e-03 1.243139e-03 1.199343e+00 1.037791e-03 
8.270310e-02 7.528431e-02 8.485297e-02 1.172075e-03 8.336123e-04 1.244322e-03 1.206798e+00 9.366065e-04 
8.559310e-02 8.006660e-02 8.746288e-02 9.155179e-04 9.534473e-04 1.214832e-03 1.142812e+00 9.614162e-04 
8.767671e-02 7.926043e-02 8.774886e-02 1.404991e-03 9.260682e-04 1.134070e-03 1.223646e+00 9.121211e-04 
8.166454e-02 7.580570e-02 8.617177e-02 9.225933e-04 1.047203e-03 1.156706e-03 1.160549e+00 1.012008e-03 
8.581712e-02 7.844406e-02 8.824714e-02 1.211107e-03 9.740690e-04 1.253614e-03 1.196817e+00 1.012008e-03 
8.621930e-02 8.026810e-02 8.784203e-02 9.907994e-04 1.226781e-03 1.423514e-03 1.153780e+00 1.063898e-03 
8.882083e-02 8.260275e-02 9.057460e-02 1.065925e-03 9.887508e-04 1.145076e-03 1.156220e+00 9.614162e-04 
8.487990e-02 7.807005e-02 8.766994e-02 1.109665e-03 1.130012e-03 1.149307e-03 1.182064e+00 1.063898e-03 
8.734346e-02 8.113084e-02 8.892935e-02 1.046665e-03 9.880920e-04 1.196087e-03 1.159014e+00 9.614162e-04 
8.374771e-02 7.669378e-02 8.501523e-02 1.131742e-03 9.727787e-04 1.285330e-03 1.192410e+00 1.012008e-03 
8.406032e-02 7.673588e-02 8.448028e-02 1.177741e-03 8.984837e-04 1.170390e-03 1.200011e+00 9.865502e-04 
8.345103e-02 7.744437e-02 8.608097e-02 9.664428e-04 1.016639e-03 1.205064e-03 1.161137e+00 1.063898e-03 
8.789810e-02 7.939837e-02 8.929533e-02 1.421975e-03 9.838032e-04 1.385069e-03 1.225563e+00 1.037791e-03 
8.405836e-02 7.770185e-02 8.489065e-02 1.028231e-03 1.229969e-03 1.212111e-03 1.170305e+00 1.037791e-03 
8.651012e-02 7.808130e-02 8.650127e-02 1.387312e-03 1.076705e-03 1.248378e-03 1.227552e+00 1.090329e-03 
8.713770e-02 7.759109e-02 8.575868e-02 1.572601e-03 1.067649e-03 1.210390e-03 1.261213e+00 1.037791e-03 
8.219336e-02 7.833675e-02 8.587588e-02 6.191027e-04 9.775924e-04 1.184138e-03 1.100886e+00 9.865502e-04 
8.268529e-02 7.687112e-02 8.488929e-02 9.276891e-04 1.048343e-03 1.270169e-03 1.156991e+00 9.366065e-04 
8.352342e-02 7.566711e-02 8.423928e-02 1.250651e-03 9.968122e-04 1.070118e-03 1.218435e+00 9.366065e-04 
8.724706e-02 8.011372e-02 8.691006e-02 1.193841e-03 1.071384e-03 1.301460e-03 1.186008e+00 1.063898e-03 
8.276396e-02 7.561878e-02 8.510660e-02 1.131673e-03 9.695951e-04 1.251656e-03 1.197907e+00 9.366065e-04 
8.073575e-02 7.627211e-02 8.377169e-02 7.008266e-04 1.036772e-03 1.228850e-03 1.120470e+00 9.865502e-04 
8.125203e-02 7.702170e-02 8.557778e-02 6.695504e-04 1.134008e-03 1.291900e-03 1.112864e+00 9.865502e-04 
8.642564e-02 7.881885e-02 8.650007e-02 1.256980e-03 9.786716e-04 1.117210e-03 1.202334e+00 9.614162e-04 
8.178902e-02 7.534922e-02 8.337975e-02 1.011938e-03 1.100366e-03 1.256654e-03 1.178236e+00 1.037791e-03 
8.357598e-02 7.757872e-02 8.551199e-02 9.664859e-04 1.185416e-03 1.341832e-03 1.160587e+00 1.037791e-03 
8.105510e-02 7.547727e-02 8.449372e-02 8.731117e-04 9.022795e-04 1.255147e-03 1.153263e+00 9.121211e-04 
8.623989e-02 7.974266e-02 8.842356e-02 1.078427e-03 1.139432e-03 1.305267e-03 1.169594e+00 1.037791e-03 
8.320606e-02 7.627539e-02 8.451915e-02 1.105314e-03 1.031920e-03 1.213633e-03 1.189984e+00 9.366065e-04 
8.243867e-02 7.794022e-02 8.512619e-02 7.214565e-04 1.027830e-03 1.116295e-03 1.118765e+00 9.366065e-04 
8.370961e-02 7.666017e-02 8.508427e-02 1.130517e-03 1.060585e-03 1.243347e-03 1.192370e+00 1.063898e-03 
8.142306e-02 7.716232e-02 8.594262e-02 6.756917e-04 9.985923e-04 1.111186e-03 1.113485e+00 9.614162e-04 
8.301349e-02 7.797492e-02 8.496282e-02 8.111511e-04 9.598580e-04 1.237603e-03 1.133411e+00 9.614162e-04 
8.367405e-02 7.857365e-02 8.789786e-02 8.275280e-04 1.068961e-03 1.229569e-03 1.134038e+00 9.614162e-04 
8.565383e-02 7.890389e-02 8.760325e-02 1.110755e-03 1.104599e-03 1.120193e-03 1.178411e+00 9.865502e-04 
8.396867e-02 7.897919e-02 8.651184e-02 8.130258e-04 8.924888e-04 1.083902e-03 1.130340e+00 8.879600e-04 
8.499200e-02 7.781448e-02 8.542115e-02 1.168547e-03 9.381048e-04 1.186535e-03 1.192986e+00 9.121211e-04 
8.240164e-02 7.458998e-02 8.387357e-02 1.226365e-03 9.503176e-04 1.187375e-03 1.220424e+00 9.614162e-04 
8.346281e-02 7.815332e-02 8.557887e-02 8.580998e-04 1.279354e-03 1.291647e-03 1.140489e+00 1.063898e-03 
8.186745e-02 7.474877e-02 8.307999e-02 1.114901e-03 1.019785e-03 1.235254e-03 1.199539e+00 1.012008e-03 
8.215483e-02 7.707531e-02 8.514776e-02 8.088129e-04 9.290171e-04 1.333141e-03 1.136150e+00 1.012008e-03 
8.469070e-02 7.762052e-02 8.674011e-02 1.147570e-03 8.534921e-04 1.189160e-03 1.190470e+00 9.614162e-04 
8.348401e-02 7.676200e-02 8.514372e-02 1.077175e-03 1.244125e-03 1.372989e-03 1.182807e+00 1.012008e-03 
8.600981e-02 7.743959e-02 8.548947e-02 1.400798e-03 9.674747e-04 1.174963e-03 1.233587e+00 9.865502e-04 
8.323860e-02 7.890513e-02 8.623466e-02 7.026453e-04 9.080323e-04 1.202422e-03 1.112856e+00 9.366065e-04 
8.094946e-02 7.608241e-02 8.418319e-02 7.642817e-04 1.034802e-03 1.165208e-03 1.132034e+00 9.865502e-04 
8.417553e-02 8.006345e-02 8.629930e-02 6.753646e-04 9.743224e-04 1.258773e-03 1.105359e+00 9.121211e-04 
8.499217e-02 7.923155e-02 8.763313e-02 9.460313e-04 1.125393e-03 1.237236e-03 1.150699e+00 1.012008e-03 
8.134226e-02 7.612682e-02 8.367477e-02 8.212711e-04 9.472822e-04 1.411672e-03 1.141713e+00 9.614162e-04 
8.200388e-02 7.500529e-02 8.450155e-02 1.098843e-03 9.743776e-04 1.194763e-03 1.195322e+00 9.865502e-04 
8.793214e-02 8.356755e-02 9.060527e-02 7.485263e-04 1.019890e-03 1.162230e-03 1.107184e+00 8.879600e-04 
8.484965e-02 7.818630e-02 8.536105e-02 1.086366e-03 1.202915e-03 1.276100e-03 1.177711e+00 1.063898e-03 
8.171929e-02 7.677059e-02 8.528390e-02 7.843200e-04 9.612319e-04 1.257672e-03 1.133077e+00 9.121211e-04 
8.524636e-02 7.869324e-02 8.742717e-02 1.074315e-03 1.049782e-03 1.245748e-03 1.173483e+00 1.012008e-03 
8.359792e-02 7.723609e-02 8.551445e-02 1.023197e-03 1.099818e-03 1.188833e-03 1.171522e+00 9.614162e-04 
8.162574e-02 7.550371e-02 8.532987e-02 9.619511e-04 1.012608e-03 1.205817e-03 1.168739e+00 9.865502e-04 
8.399893e-02 7.718534e-02 8.402133e-02 1.098244e-03 9.734483e-04 1.235644e-03 1.184344e+00 9.366065e-04 
8.423094e-02 7.726048e-02 8.514523e-02 1.125669e-03 1.138629e-03 1.253178e-03 1.188580e+00 1.090329e-03 
8.489426e-02 7.912118e-02 8.722449e-02 9.468750e-04 1.070851e-03 1.206376e-03 1.151254e+00 1.012008e-03 
8.388219e-02 7.814575e-02 8.514347e-02 9.294640e-04 9.869574e-04 1.237658e-03 1.152203e+00 9.121211e-04 
8.423138e-02 7.692941e-02 8.519497e-02 1.176791e-03 8.760432e-04 1.212552e-03 1.198845e+00 1.012008e-03 
8.117784e-02 7.530614e-02 8.246123e-02 9.188274e-04 1.105499e-03 1.327927e-03 1.162022e+00 1.037791e-03 
8.190136e-02 7.603151e-02 8.350762e-02 9.270418e-04 9.887213e-04 1.172643e-03 1.160366e+00 9.614162e-04 
8.354907e-02 7.712636e-02 8.700706e-02 1.031972e-03 1.131621e-03 1.268969e-03 1.173485e+00 1.090329e-03 
8.144730e-02 7.413113e-02 8.301736e-02 1.138239e-03 1.160149e-03 1.233914e-03 1.207125e+00 1.063898e-03 
8.235444e-02 7.745397e-02 8.534603e-02 7.831357e-04 1.103986e-03 1.228233e-03 1.130542e+00 9.614162e-04 
8.496898e-02 7.576620e-02 8.496154e-02 1.479209e-03 9.932272e-04 1.251454e-03 1.257679e+00 9.865502e-04 
8.119320e-02 7.584518e-02 8.348928e-02 8.398444e-04 9.961765e-04 1.207842e-03 1.145997e+00 1.012008e-03 
8.183485e-02 7.627558e-02 8.373508e-02 8.789790e-04 9.224750e-04 1.254412e-03 1.151080e+00 9.366065e-04 
8.651306e-02 7.980676e-02 8.753349e-02 1.115390e-03 9.950362e-04 1.197850e-03 1.175125e+00 9.865502e-04 
8.230851e-02 7.545916e-02 8.551730e-02 1.080607e-03 1.092161e-03 1.171140e-03 1.189777e+00 9.865502e-04 
8.462707e-02 7.931090e-02 8.618349e-02 8.715218e-04 1.009692e-03 1.291195e-03 1.138552e+00 9.865502e-04 
8.582488e-02 7.881120e-02 8.759789e-02 1.154706e-03 9.742064e-04 1.091254e-03 1.185907e+00 1.012008e-03 
8.314037e-02 7.527977e-02 8.429317e-02 1.245278e-03 9.956226e-04 1.185773e-03 1.219740e+00 1.012008e-03 
8.528938e-02 7.972900e-02 8.676227e-02 9.175659e-04 1.061469e-03 1.044237e-03 1.144346e+00 9.614162e-04 
8.383827e-02 7.692938e-02 8.433032e-02 1.110726e-03 1.081779e-03 1.410169e-03 1.187682e+00 1.012008e-03 
8.436863e-02 7.737661e-02 8.547783e-02 1.130927e-03 1.035189e-03 1.276549e-03 1.188893e+00 1.012008e-03 
8.271400e-02 7.733761e-02 8.621142e-02 8.605002e-04 1.034138e-03 1.135984e-03 1.143870e+00 1.012008e-03 
8.761822e-02 8.106281e-02 8.813644e-02 1.105773e-03 1.331693e-03 1.279822e-03 1.168276e+00 1.012008e-03 
8.028470e-02 7.449894e-02 8.340576e-02 8.955412e-04 6.839702e-04 1.043680e-03 1.161356e+00 8.879600e-04 
8.487619e-02 7.786864e-02 8.653716e-02 1.140443e-03 9.953149e-04 1.249706e-03 1.188082e+00 9.614162e-04 
8.708164e-02 8.003438e-02 8.846192e-02 1.177710e-03 9.830941e-04 1.234496e-03 1.183859e+00 9.366065e-04 
8.458151e-02 7.767662e-02 8.572469e-02 1.120374e-03 1.172770e-03 1.258738e-03 1.185687e+00 1.063898e-03 
8.469791e-02 7.922467e-02 8.643876e-02 8.971871e-04 1.088735e-03 1.194028e-03 1.142943e+00 9.865502e-04 
8.718148e-02 7.813460e-02 8.717270e-02 1.495595e-03 9.279569e-04 1.213011e-03 1.244978e+00 9.865502e-04 
8.788284e-02 8.124590e-02 9.038704e-02 1.122498e-03 1.082819e-03 1.364892e-03 1.170052e+00 8.879600e-04 
8.525177e-02 7.921504e-02 8.914947e-02 9.928414e-04 9.525367e-04 1.222908e-03 1.158221e+00 9.614162e-04 
8.612877e-02 7.909243e-02 8.739318e-02 1.162554e-03 9.747641e-04 1.140066e-03 1.185842e+00 9.121211e-04 
8.475723e-02 8.010536e-02 8.766970e-02 7.669198e-04 1.005610e-03 1.192859e-03 1.119516e+00 9.614162e-04 
8.668185e-02 7.988776e-02 8.704756e-02 1.131688e-03 1.115787e-03 1.257286e-03 1.177323e+00 1.037791e-03 
8.254625e-02 7.702570e-02 8.504553e-02 8.809262e-04 9.379092e-04 1.228232e-03 1.148480e+00 9.366065e-04 
8.333641e-02 7.813728e-02 8.594648e-02 8.395236e-04 1.128905e-03 1.309696e-03 1.137504e+00 1.063898e-03 
8.701179e-02 7.983491e-02 8.902807e-02 1.197439e-03 1.074973e-03 1.217121e-03 1.187874e+00 9.865502e-04 
8.310412e-02 7.704597e-02 8.710713e-02 9.702119e-04 1.003208e-03 1.255678e-03 1.163443e+00 9.614162e-04 
8.422644e-02 7.524912e-02 8.434648e-02 1.431663e-03 1.010211e-03 1.182795e-03 1.252835e+00 1.037791e-03 
8.472079e-02 7.917740e-02 8.694728e-02 9.085519e-04 8.595121e-04 1.116714e-03 1.144926e+00 9.614162e-04 
8.239548e-02 7.660496e-02 8.437505e-02 9.206951e-04 8.427287e-04 1.027305e-03 1.156892e+00 9.614162e-04 
8.121508e-02 7.536242e-02 8.522863e-02 9.163949e-04 1.089832e-03 1.248520e-03 1.161351e+00 1.012008e-03 
7.978429e-02 7.577542e-02 8.274041e-02 6.236190e-04 1.119720e-03 1.280689e-03 1.108608e+00 1.063898e-03 
8.015487e-02 7.555186e-02 8.415818e-02 7.167201e-04 1.039638e-03 1.111574e-03 1.125562e+00 9.614162e-04 
8.516308e-02 7.820798e-02 8.624695e-02 1.136263e-03 9.240619e-04 1.153952e-03 1.185770e+00 1.090329e-03 
8.509201e-02 7.854286e-02 8.692596e-02 1.071669e-03 9.009190e-04 1.187851e-03 1.173719e+00 8.879600e-04 
8.383475e-02 7.825191e-02 8.682267e-02 9.049040e-04 1.084435e-03 1.299040e-03 1.147779e+00 1.063898e-03 
8.547586e-02 7.943961e-02 8.634414e-02 9.954711e-04 9.088091e-04 1.196769e-03 1.157745e+00 9.614162e-04 
8.381886e-02 7.810751e-02 8.557899e-02 9.248185e-04 1.042851e-03 1.165038e-03 1.151590e+00 1.037791e-03 
8.660200e-02 7.835276e-02 8.608615e-02 1.360751e-03 1.111747e-03 1.249554e-03 1.221651e+00 1.037791e-03 
8.642968e-02 7.894219e-02 8.633285e-02 1.238219e-03 1.204279e-03 1.304520e-03 1.198691e+00 1.117085e-03 
8.361045e-02 7.850918e-02 8.601751e-02 8.270165e-04 1.054054e-03 1.232400e-03 1.134176e+00 1.063898e-03 
8.088929e-02 7.366061e-02 8.209596e-02 1.117191e-03 1.080168e-03 1.195105e-03 1.205900e+00 1.037791e-03 
8.634601e-02 7.852826e-02 8.698045e-02 1.288946e-03 1.084665e-03 1.214334e-03 1.209018e+00 1.063898e-03 
8.622262e-02 7.988616e-02 8.806016e-02 1.052540e-03 1.030743e-03 1.290706e-03 1.164928e+00 9.865502e-04 
8.874387e-02 8.123084e-02 8.847437e-02 1.277026e-03 9.667424e-04 1.114265e-03 1.193534e+00 1.063898e-03 
8.669014e-02 7.698978e-02 8.530524e-02 1.587753e-03 1.012382e-03 1.124817e-03 1.267866e+00 1.037791e-03 
8.329487e-02 7.907765e-02 8.705298e-02 6.847613e-04 1.130277e-03 1.340586e-03 1.109504e+00 8.641232e-04 
8.337004e-02 7.424731e-02 8.388151e-02 1.437901e-03 1.008046e-03 1.170706e-03 1.260836e+00 9.121211e-04 
8.177214e-02 7.722282e-02 8.386863e-02 7.233188e-04 1.157236e-03 1.311775e-03 1.121294e+00 1.037791e-03 
8.536711e-02 8.045851e-02 8.698029e-02 8.139725e-04 1.077604e-03 1.247427e-03 1.125738e+00 1.012008e-03 
8.407465e-02 7.872954e-02 8.681223e-02 8.702054e-04 9.773065e-04 1.235265e-03 1.140393e+00 9.366065e-04 
8.384695e-02 7.778533e-02 8.495093e-02 9.797529e-04 9.146894e-04 1.185244e-03 1.161928e+00 9.366065e-04 
8.373292e-02 7.813731e-02 8.559590e-02 9.057630e-04 1.054547e-03 1.286807e-03 1.148353e+00 9.865502e-04 
8.342910e-02 7.727038e-02 8.578176e-02 9.897022e-04 1.015637e-03 1.228588e-03 1.165759e+00 9.614162e-04 
8.630310e-02 7.882998e-02 8.589438e-02 1.234060e-03 1.096618e-03 1.152787e-03 1.198588e+00 1.117085e-03 
8.366710e-02 7.749485e-02 8.606056e-02 9.947319e-04 9.475577e-04 1.179086e-03 1.165638e+00 1.037791e-03 
8.247099e-02 7.629102e-02 8.465886e-02 9.811447e-04 9.809711e-04 1.135810e-03 1.168572e+00 1.012008e-03 
8.358579e-02 7.677586e-02 8.625900e-02 1.092050e-03 9.935050e-04 1.047188e-03 1.185265e+00 9.865502e-04 
8.417326e-02 7.727612e-02 8.640917e-02 1.113539e-03 9.588967e-04 1.245786e-03 1.186472e+00 9.865502e-04 
8.296152e-02 7.578991e-02 8.437089e-02 1.138504e-03 1.089450e-03 1.106667e-03 1.198204e+00 1.117085e-03 
8.161509e-02 7.651944e-02 8.532712e-02 8.057985e-04 1.078066e-03 1.233651e-03 1.137620e+00 9.614162e-04 
8.499942e-02 7.857992e-02 8.794935e-02 1.050096e-03 9.767790e-04 1.184118e-03 1.170061e+00 1.012008e-03 
8.385864e-02 7.894094e-02 8.611579e-02 8.005998e-04 1.071961e-03 1.275837e-03 1.128473e+00 1.012008e-03 
8.313766e-02 7.587801e-02 8.457419e-02 1.154398e-03 1.046844e-03 1.188348e-03 1.200504e+00 1.063898e-03 
8.458724e-02 7.775254e-02 8.626507e-02 1.109545e-03 1.072436e-03 1.256534e-03 1.183534e+00 9.865502e-04 
8.445208e-02 7.664550e-02 8.537132e-02 1.257622e-03 1.031405e-03 1.230911e-03 1.214080e+00 9.614162e-04 
8.612038e-02 8.110520e-02 8.767882e-02 8.386661e-04 9.892527e-04 1.234809e-03 1.127495e+00 1.012008e-03 
8.056995e-02 7.578690e-02 8.364419e-02 7.478613e-04 9.189817e-04 1.202447e-03 1.130207e+00 1.012008e-03 
8.437376e-02 7.484200e-02 8.613273e-02 1.517606e-03 1.037045e-03 1.195440e-03 1.270937e+00 1.037791e-03 
7.943950e-02 7.407917e-02 8.305277e-02 8.229107e-04 9.945918e-04 1.017350e-03 1.149955e+00 1.063898e-03 
8.490707e-02 7.702751e-02 8.678712e-02 1.275974e-03 1.244178e-03 1.320028e-03 1.215055e+00 1.063898e-03 
8.490952e-02 7.762790e-02 8.724798e-02 1.183537e-03 9.853660e-04 1.163068e-03 1.196402e+00 1.012008e-03 
8.480392e-02 7.852491e-02 8.705252e-02 1.025543e-03 9.503817e-04 1.243312e-03 1.166318e+00 9.614162e-04 
8.546735e-02 7.862199e-02 8.717520e-02 1.123250e-03 1.154298e-03 1.292465e-03 1.181714e+00 1.090329e-03 
8.292199e-02 7.757188e-02 8.624618e-02 8.586594e-04 1.005360e-03 1.109890e-03 1.142696e+00 9.865502e-04 
8.549978e-02 7.829317e-02 8.700022e-02 1.180393e-03 8.161036e-04 1.169553e-03 1.192566e+00 1.090329e-03 
8.507164e-02 7.784166e-02 8.804965e-02 1.177859e-03 1.040376e-03 1.114215e-03 1.194388e+00 1.012008e-03 
8.303529e-02 7.697856e-02 8.415361e-02 9.691608e-04 1.010091e-03 1.254173e-03 1.163552e+00 9.614162e-04 
8.212861e-02 7.697740e-02 8.613197e-02 8.195882e-04 1.039914e-03 1.217451e-03 1.138315e+00 9.614162e-04 
8.172305e-02 7.496449e-02 8.416248e-02 1.058981e-03 1.000354e-03 1.177391e-03 1.188442e+00 9.865502e-04 
8.360852e-02 8.014031e-02 8.733153e-02 5.679158e-04 1.008796e-03 1.218110e-03 1.088426e+00 9.865502e-04 
8.668867e-02 8.012815e-02 8.803974e-02 1.094406e-03 1.010516e-03 1.200101e-03 1.170454e+00 1.012008e-03 
8.625967e-02 7.899291e-02 8.778328e-02 1.200851e-03 9.867230e-04 1.209390e-03 1.192448e+00 9.366065e-04 
8.604493e-02 7.952674e-02 8.834266e-02 1.079228e-03 9.639577e-04 1.093281e-03 1.170642e+00 8.879600e-04 
8.507454e-02 7.717700e-02 8.629157e-02 1.281387e-03 1.105272e-03 1.193571e-03 1.215132e+00 9.865502e-04 
8.645850e-02 7.756936e-02 8.692270e-02 1.458066e-03 9.190758e-04 1.277586e-03 1.242324e+00 1.012008e-03 
8.646457e-02 7.857609e-02 8.673108e-02 1.301920e-03 1.066915e-03 1.212420e-03 1.210865e+00 1.012008e-03 
8.275191e-02 7.707435e-02 8.477483e-02 9.074227e-04 8.818913e-04 1.163613e-03 1.152753e+00 9.865502e-04 
8.474481e-02 7.804468e-02 8.599019e-02 1.090710e-03 1.110208e-03 1.345787e-03 1.179070e+00 1.012008e-03 
8.806715e-02 8.008913e-02 8.958352e-02 1.341555e-03 1.025242e-03 1.211405e-03 1.209152e+00 9.614162e-04 
8.479985e-02 7.779345e-02 8.588376e-02 1.139195e-03 1.042037e-03 1.124348e-03 1.188240e+00 9.865502e-04 
8.525854e-02 7.833019e-02 8.487390e-02 1.133400e-03 1.063827e-03 1.196969e-03 1.184725e+00 1.012008e-03 
8.099171e-02 7.774687e-02 8.626974e-02 5.150805e-04 1.006467e-03 1.309677e-03 1.085214e+00 9.366065e-04 
8.803625e-02 8.213608e-02 8.967324e-02 1.004045e-03 1.043886e-03 1.362174e-03 1.148828e+00 9.865502e-04 
7.875701e-02 7.417816e-02 8.364453e-02 7.002667e-04 1.092457e-03 1.225297e-03 1.127266e+00 1.012008e-03 
8.541480e-02 8.045673e-02 8.710110e-02 8.224027e-04 9.145607e-04 1.176023e-03 1.127046e+00 9.366065e-04 
8.043513e-02 7.820065e-02 8.473918e-02 3.544697e-04 1.041230e-03 1.206042e-03 1.057964e+00 1.012008e-03 
8.280449e-02 7.623717e-02 8.502150e-02 1.044479e-03 1.087023e-03 1.394958e-03 1.179707e+00 9.121211e-04 
8.465820e-02 7.678691e-02 8.560072e-02 1.270781e-03 1.125275e-03 1.249708e-03 1.215524e+00 1.037791e-03 
8.709038e-02 7.783777e-02 8.674976e-02 1.526016e-03 1.106621e-03 1.204280e-03 1.251871e+00 1.037791e-03 
8.386272e-02 7.869310e-02 8.603722e-02 8.403532e-04 8.685569e-04 1.323822e-03 1.135703e+00 9.366065e-04 
8.255997e-02 7.734647e-02 8.556727e-02 8.336721e-04 1.025300e-03 1.174797e-03 1.139352e+00 1.037791e-03 
8.447439e-02 8.169219e-02 8.815073e-02 4.623084e-04 8.270544e-04 1.134630e-03 1.069274e+00 1.012008e-03 
8.425922e-02 7.643115e-02 8.602129e-02 1.257896e-03 1.055276e-03 1.071866e-03 1.215330e+00 9.614162e-04 
8.290793e-02 7.740456e-02 8.551631e-02 8.822594e-04 1.028357e-03 1.080851e-03 1.147253e+00 9.614162e-04 
8.454842e-02 7.686295e-02 8.575455e-02 1.240522e-03 1.134588e-03 1.344014e-03 1.209976e+00 1.037791e-03 
8.695066e-02 7.987795e-02 8.757403e-02 1.179931e-03 9.231705e-04 1.211692e-03 1.184928e+00 9.121211e-04 
8.483790e-02 7.839696e-02 8.627283e-02 1.051385e-03 1.125575e-03 1.294983e-03 1.171066e+00 9.614162e-04 
8.413318e-02 7.561366e-02 8.624937e-02 1.360966e-03 1.078072e-03 1.066881e-03 1.238038e+00 1.063898e-03 
8.360125e-02 7.735385e-02 8.504038e-02 1.005552e-03 1.137993e-03 1.222679e-03 1.168051e+00 1.012008e-03 
8.384972e-02 7.905917e-02 8.598806e-02 7.804240e-04 1.015675e-03 1.148669e-03 1.124861e+00 1.012008e-03 
8.059223e-02 7.453253e-02 8.267581e-02 9.400100e-04 1.011867e-03 1.159581e-03 1.169216e+00 9.865502e-04 
8.583671e-02 7.773672e-02 8.568756e-02 1.324942e-03 9.432526e-04 1.120105e-03 1.219252e+00 9.366065e-04 
8.334788e-02 7.673938e-02 8.721967e-02 1.057937e-03 9.968336e-04 1.089654e-03 1.179648e+00 1.063898e-03 
8.150030e-02 7.619418e-02 8.434652e-02 8.367458e-04 1.012019e-03 1.154709e-03 1.144129e+00 1.012008e-03 
8.902927e-02 8.232807e-02 9.085173e-02 1.148301e-03 1.195882e-03 1.448520e-03 1.169418e+00 1.037791e-03 
8.792114e-02 8.062318e-02 9.012880e-02 1.230030e-03 1.063086e-03 1.279663e-03 1.189233e+00 1.063898e-03 
8.455760e-02 7.793091e-02 8.629883e-02 1.076762e-03 1.174865e-03 1.363430e-03 1.177297e+00 1.037791e-03 
8.273282e-02 7.598688e-02 8.555431e-02 1.070713e-03 1.231178e-03 1.349001e-03 1.185437e+00 1.037791e-03 
8.538538e-02 7.924258e-02 8.683523e-02 1.011276e-03 9.675197e-04 1.307570e-03 1.161047e+00 9.614162e-04 
8.242021e-02 7.706326e-02 8.590068e-02 8.543457e-04 1.047975e-03 1.278972e-03 1.143860e+00 9.614162e-04 
8.354223e-02 7.739239e-02 8.643051e-02 9.897220e-04 9.414932e-04 1.089222e-03 1.165241e+00 9.614162e-04 
8.366644e-02 7.708569e-02 8.584975e-02 1.057870e-03 1.042326e-03 1.081865e-03 1.178027e+00 1.012008e-03 
8.080367e-02 7.565351e-02 8.320064e-02 8.057810e-04 1.046934e-03 1.161821e-03 1.140786e+00 9.614162e-04 
8.449260e-02 7.727831e-02 8.597372e-02 1.167062e-03 1.040510e-03 1.179556e-03 1.195424e+00 9.865502e-04 
8.712380e-02 8.007503e-02 8.782775e-02 1.178546e-03 1.157994e-03 1.319210e-03 1.183803e+00 9.865502e-04 
8.175250e-02 7.806906e-02 8.555185e-02 5.886931e-04 9.759964e-04 1.112000e-03 1.096590e+00 9.614162e-04 
8.543162e-02 7.836580e-02 8.595139e-02 1.157364e-03 1.105351e-03 1.250047e-03 1.188459e+00 1.012008e-03 
8.394464e-02 7.679835e-02 8.639862e-02 1.148716e-03 1.015459e-03 1.287601e-03 1.194764e+00 1.037791e-03 
8.501838e-02 7.822935e-02 8.566236e-02 1.108294e-03 9.662640e-04 1.144838e-03 1.181099e+00 9.865502e-04 
8.443725e-02 7.910801e-02 8.784269e-02 8.715726e-04 9.337073e-04 1.214828e-03 1.139272e+00 1.012008e-03 
8.314426e-02 7.663051e-02 8.534652e-02 1.040734e-03 1.172924e-03 1.338480e-03 1.177230e+00 1.012008e-03 
8.491119e-02 7.824344e-02 8.649588e-02 1.087875e-03 1.033680e-03 1.252425e-03 1.177698e+00 9.865502e-04 
8.376967e-02 7.721545e-02 8.511698e-02 1.055132e-03 9.886667e-04 1.163278e-03 1.176970e+00 9.614162e-04 
8.389246e-02 7.863612e-02 8.634923e-02 8.543061e-04 1.125197e-03 1.317815e-03 1.138156e+00 1.012008e-03 
8.077049e-02 7.605405e-02 8.491234e-02 7.396538e-04 9.393767e-04 1.269709e-03 1.127874e+00 9.366065e-04 
8.457527e-02 7.802327e-02 8.734095e-02 1.065347e-03 1.006033e-03 1.208124e-03 1.175002e+00 1.090329e-03 
8.464714e-02 7.790933e-02 8.524743e-02 1.095274e-03 1.089110e-03 1.272449e-03 1.180444e+00 1.063898e-03 
8.626942e-02 7.679317e-02 8.681452e-02 1.545221e-03 1.070928e-03 1.258136e-03 1.262027e+00 1.037791e-03 
8.223935e-02 7.797214e-02 8.460849e-02 6.836562e-04 1.096400e-03 1.119978e-03 1.112450e+00 9.865502e-04 
8.449581e-02 7.740273e-02 8.569546e-02 1.148359e-03 1.194936e-03 1.244270e-03 1.191675e+00 1.063898e-03 
8.543243e-02 7.958575e-02 8.712431e-02 9.648081e-04 1.027682e-03 1.152527e-03 1.152325e+00 1.012008e-03 
8.244086e-02 7.558841e-02 8.363295e-02 1.082887e-03 1.099414e-03 1.115389e-03 1.189528e+00 1.063898e-03 
8.498784e-02 7.727969e-02 8.802054e-02 1.250783e-03 1.190927e-03 1.238470e-03 1.209436e+00 9.865502e-04 
8.057641e-02 7.438407e-02 8.324501e-02 9.595679e-04 9.982746e-04 1.268048e-03 1.173427e+00 9.614162e-04 
8.521200e-02 7.738528e-02 8.729302e-02 1.272603e-03 1.003711e-03 1.172523e-03 1.212508e+00 9.865502e-04 
8.036383e-02 7.610936e-02 8.274067e-02 6.657109e-04 9.002219e-04 1.038516e-03 1.114924e+00 1.012008e-03 
8.612969e-02 7.932913e-02 8.671320e-02 1.125212e-03 1.176728e-03 1.304671e-03 1.178801e+00 1.012008e-03 
8.456986e-02 7.866642e-02 8.704701e-02 9.636566e-04 9.375172e-04 1.115860e-03 1.155720e+00 9.366065e-04 
8.438371e-02 7.737296e-02 8.549711e-02 1.134036e-03 9.654127e-04 1.204056e-03 1.189430e+00 9.121211e-04 
8.413579e-02 7.691228e-02 8.592005e-02 1.163332e-03 1.012233e-03 1.097017e-03 1.196658e+00 9.121211e-04 
8.380372e-02 7.831025e-02 8.555322e-02 8.905674e-04 8.829359e-04 1.134708e-03 1.145221e+00 9.614162e-04 
8.402236e-02 8.052501e-02 8.710893e-02 5.754793e-04 1.138482e-03 1.164274e-03 1.088750e+00 9.614162e-04 
8.216141e-02 7.590591e-02 8.316391e-02 9.887904e-04 1.110490e-03 1.201965e-03 1.171614e+00 1.063898e-03 
8.495111e-02 7.992781e-02 8.840145e-02 8.282366e-04 8.405514e-04 1.092429e-03 1.129646e+00 9.865502e-04 
8.564400e-02 8.028378e-02 8.722464e-02 8.894096e-04 1.049016e-03 1.267296e-03 1.137990e+00 9.366065e-04 
8.409286e-02 7.489504e-02 8.657718e-02 1.462342e-03 9.992277e-04 1.192327e-03 1.260701e+00 1.063898e-03 
8.781360e-02 8.054014e-02 8.897122e-02 1.224514e-03 1.218932e-03 1.317980e-03 1.188773e+00 1.012008e-03 
8.406367e-02 7.802250e-02 8.649731e-02 9.791902e-04 1.001198e-03 1.158610e-03 1.160852e+00 9.614162e-04 
8.617595e-02 8.034530e-02 8.812534e-02 9.709274e-04 9.772513e-04 1.088244e-03 1.150406e+00 9.865502e-04 
8.760096e-02 7.822576e-02 8.847584e-02 1.554659e-03 1.021772e-03 1.375883e-03 1.254060e+00 9.865502e-04 
8.529067e-02 7.850524e-02 8.629491e-02 1.111425e-03 9.547154e-04 1.141549e-03 1.180336e+00 1.063898e-03 
8.641459e-02 7.990622e-02 8.885414e-02 1.082478e-03 1.010689e-03 1.171720e-03 1.169534e+00 1.063898e-03 
8.390730e-02 7.819298e-02 8.727065e-02 9.262929e-04 9.023003e-04 1.193679e-03 1.151500e+00 9.865502e-04 
8.398347e-02 7.963889e-02 8.698371e-02 7.108704e-04 1.034574e-03 1.286143e-03 1.112083e+00 9.614162e-04 
8.337686e-02 7.661295e-02 8.508229e-02 1.082156e-03 1.271099e-03 1.248252e-03 1.184368e+00 9.614162e-04 
8.400188e-02 7.741354e-02 8.554337e-02 1.063461e-03 1.225132e-03 1.466775e-03 1.177455e+00 1.090329e-03 
8.424586e-02 7.749067e-02 8.467114e-02 1.092560e-03 1.080287e-03 1.189855e-03 1.181948e+00 9.614162e-04 
8.486706e-02 7.724980e-02 8.550297e-02 1.234886e-03 1.061765e-03 1.114609e-03 1.206934e+00 1.012008e-03 
8.767617e-02 7.987696e-02 8.848802e-02 1.306782e-03 1.257000e-03 1.181934e-03 1.204814e+00 9.614162e-04 
8.279375e-02 7.578590e-02 8.515711e-02 1.111303e-03 1.097414e-03 1.169778e-03 1.193489e+00 1.012008e-03 
8.248438e-02 7.635012e-02 8.478287e-02 9.743312e-04 8.444840e-04 1.049767e-03 1.167143e+00 9.366065e-04 
8.349625e-02 7.765625e-02 8.479500e-02 9.411318e-04 1.183013e-03 1.189430e-03 1.156062e+00 1.012008e-03 
8.890901e-02 8.202375e-02 8.903410e-02 1.176915e-03 1.076731e-03 1.212486e-03 1.174931e+00 1.012008e-03 
8.595890e-02 7.820926e-02 8.718556e-02 1.272244e-03 9.855293e-04 1.207434e-03 1.207995e+00 9.614162e-04 
8.531188e-02 7.845242e-02 8.608497e-02 1.123335e-03 9.886135e-04 1.213599e-03 1.182514e+00 1.012008e-03 
8.809315e-02 8.019592e-02 8.806008e-02 1.329018e-03 1.095942e-03 1.169398e-03 1.206646e+00 1.037791e-03 
8.577596e-02 7.872289e-02 8.827833e-02 1.160221e-03 1.062555e-03 1.292599e-03 1.187214e+00 1.037791e-03 
8.600815e-02 7.976867e-02 8.731042e-02 1.034361e-03 1.119699e-03 1.026358e-03 1.162558e+00 1.012008e-03 
8.596661e-02 7.870284e-02 8.664275e-02 1.196121e-03 1.083384e-03 1.187494e-03 1.193105e+00 9.366065e-04 
8.693986e-02 7.736360e-02 8.638629e-02 1.573412e-03 9.517994e-04 1.090547e-03 1.262887e+00 9.614162e-04 
8.169374e-02 7.581643e-02 8.470743e-02 9.257354e-04 1.103436e-03 1.258398e-03 1.161050e+00 9.865502e-04 
8.029025e-02 7.576036e-02 8.266124e-02 7.068913e-04 8.434367e-04 9.545219e-04 1.123160e+00 9.614162e-04 
8.323535e-02 7.911059e-02 8.643531e-02 6.696378e-04 9.974476e-04 1.202257e-03 1.106997e+00 9.121211e-04 
8.785300e-02 7.998161e-02 8.867763e-02 1.321093e-03 1.026183e-03 1.169318e-03 1.206516e+00 9.121211e-04 
8.518673e-02 7.900258e-02 8.675139e-02 1.015373e-03 9.975684e-04 1.214325e-03 1.162683e+00 1.012008e-03 
8.449401e-02 7.694758e-02 8.601895e-02 1.218308e-03 9.412528e-04 1.084918e-03 1.205763e+00 9.121211e-04 
8.362576e-02 7.803359e-02 8.551389e-02 9.040261e-04 1.174194e-03 1.326545e-03 1.148463e+00 9.865502e-04 
8.235518e-02 7.806247e-02 8.625079e-02 6.886271e-04 1.107740e-03 1.260797e-03 1.113006e+00 9.865502e-04 
8.424797e-02 7.840179e-02 8.668494e-02 9.508803e-04 1.007091e-03 1.244932e-03 1.154694e+00 9.865502e-04 
8.565988e-02 7.716208e-02 8.570297e-02 1.383629e-03 9.000754e-04 1.112635e-03 1.232387e+00 1.090329e-03 
8.517830e-02 7.818727e-02 8.639833e-02 1.142094e-03 8.617005e-04 1.212316e-03 1.186823e+00 1.037791e-03 
8.230982e-02 7.746225e-02 8.507812e-02 7.745050e-04 9.261521e-04 1.255666e-03 1.129076e+00 9.121211e-04 
8.278612e-02 7.664949e-02 8.416881e-02 9.783971e-04 1.129209e-03 1.220494e-03 1.166532e+00 1.037791e-03 
8.809843e-02 8.133844e-02 8.916016e-02 1.145392e-03 1.196484e-03 1.220723e-03 1.173126e+00 1.117085e-03 
8.296642e-02 7.811807e-02 8.591149e-02 7.809940e-04 1.108989e-03 1.203313e-03 1.127981e+00 9.865502e-04 
8.217297e-02 7.710866e-02 8.409719e-02 8.066525e-04 1.082994e-03 1.275595e-03 1.135669e+00 8.879600e-04 
8.540239e-02 7.781069e-02 8.414931e-02 1.239064e-03 1.013817e-03 1.159075e-03 1.204652e+00 9.865502e-04 
8.571118e-02 8.068013e-02 8.811295e-02 8.371221e-04 8.851131e-04 1.108514e-03 1.128604e+00 8.879600e-04 
8.422326e-02 7.697809e-02 8.473426e-02 1.167932e-03 1.021797e-03 1.180387e-03 1.197099e+00 9.865502e-04 
8.437714e-02 7.877725e-02 8.658284e-02 9.136477e-04 9.366277e-04 1.248851e-03 1.147224e+00 1.063898e-03 
8.333592e-02 7.697982e-02 8.572786e-02 1.018982e-03 9.150290e-04 1.175537e-03 1.171954e+00 1.012008e-03 
8.368305e-02 7.959574e-02 8.641358e-02 6.673699e-04 1.115724e-03 1.295985e-03 1.105338e+00 9.865502e-04 
8.348592e-02 7.518777e-02 8.412508e-02 1.316699e-03 1.010898e-03 1.181411e-03 1.232912e+00 9.865502e-04 
8.277764e-02 7.693675e-02 8.517663e-02 9.328748e-04 8.703734e-04 1.154301e-03 1.157600e+00 1.012008e-03 
8.395580e-02 7.651146e-02 8.507027e-02 1.194573e-03 9.377874e-04 1.214309e-03 1.204061e+00 9.366065e-04 
8.335203e-02 7.752530e-02 8.624441e-02 9.373898e-04 1.076621e-03 1.316969e-03 1.155967e+00 9.865502e-04 
8.145814e-02 7.513623e-02 8.363425e-02 9.899755e-04 1.026825e-03 1.245713e-03 1.175358e+00 1.012008e-03 
8.468404e-02 7.755943e-02 8.637481e-02 1.155920e-03 1.029671e-03 1.243800e-03 1.192158e+00 9.865502e-04 
8.405855e-02 7.650466e-02 8.603749e-02 1.212876e-03 9.623724e-04 1.202841e-03 1.207224e+00 1.037791e-03 
8.262376e-02 7.594458e-02 8.380330e-02 1.059108e-03 1.005628e-03 1.179909e-03 1.183631e+00 9.366065e-04 
8.337049e-02 7.708247e-02 8.592214e-02 1.008933e-03 9.265807e-04 1.207849e-03 1.169805e+00 1.012008e-03 
8.571951e-02 7.912590e-02 8.785333e-02 1.086927e-03 1.039595e-03 1.207641e-03 1.173605e+00 1.012008e-03 
8.591272e-02 7.954119e-02 8.718080e-02 1.054196e-03 8.600108e-04 1.185454e-03 1.166624e+00 9.614162e-04 
8.145466e-02 7.744347e-02 8.529761e-02 6.373702e-04 1.001589e-03 1.134946e-03 1.106273e+00 9.614162e-04 
8.880168e-02 8.045376e-02 8.759147e-02 1.412932e-03 1.136139e-03 1.219350e-03 1.218287e+00 1.037791e-03 
8.530027e-02 7.708323e-02 8.445990e-02 1.334311e-03 1.062636e-03 1.210693e-03 1.224563e+00 1.063898e-03 
8.509673e-02 7.940792e-02 8.757275e-02 9.358351e-04 1.098980e-03 1.139603e-03 1.148413e+00 9.865502e-04 
8.432189e-02 7.875950e-02 8.619876e-02 9.071223e-04 1.058611e-03 1.176201e-03 1.146238e+00 9.366065e-04 
8.738338e-02 8.077160e-02 8.893424e-02 1.111804e-03 1.048776e-03 1.131560e-03 1.170416e+00 1.037791e-03 
8.508537e-02 7.662824e-02 8.579056e-02 1.367634e-03 8.343530e-04 1.227045e-03 1.232912e+00 1.012008e-03 
8.532943e-02 7.875839e-02 8.695068e-02 1.078229e-03 9.840467e-04 1.063856e-03 1.173827e+00 1.012008e-03 
8.422420e-02 7.673692e-02 8.600791e-02 1.205161e-03 9.868928e-04 1.305255e-03 1.204662e+00 9.366065e-04 
8.462323e-02 7.933565e-02 8.577003e-02 8.669459e-04 1.009174e-03 1.238118e-03 1.137738e+00 8.879600e-04 
8.367369e-02 7.638433e-02 8.384738e-02 1.166720e-03 1.065223e-03 1.195895e-03 1.199967e+00 1.012008e-03 
8.299437e-02 7.636762e-02 8.496913e-02 1.056052e-03 1.020756e-03 1.232600e-03 1.181078e+00 1.063898e-03 
8.622796e-02 7.981155e-02 8.791015e-02 1.065378e-03 1.105129e-03 1.247597e-03 1.167252e+00 1.012008e-03 
8.451982e-02 7.727683e-02 8.675376e-02 1.171891e-03 9.959192e-04 1.251253e-03 1.196241e+00 1.012008e-03 
8.542225e-02 7.862600e-02 8.743781e-02 1.114914e-03 9.597757e-04 1.196420e-03 1.180347e+00 9.614162e-04 
8.467720e-02 7.858406e-02 8.663494e-02 9.947732e-04 1.088042e-03 1.348563e-03 1.161085e+00 1.063898e-03 
8.271646e-02 7.580222e-02 8.364267e-02 1.096036e-03 9.792097e-04 1.085569e-03 1.190748e+00 1.037791e-03 
8.576002e-02 7.810354e-02 8.602029e-02 1.254618e-03 9.525872e-04 1.221513e-03 1.205670e+00 9.366065e-04 
8.864690e-02 8.033999e-02 8.766141e-02 1.403759e-03 1.085258e-03 1.205715e-03 1.217485e+00 1.037791e-03 
8.392930e-02 7.675976e-02 8.627459e-02 1.152068e-03 9.696152e-04 1.291371e-03 1.195529e+00 9.865502e-04 
8.529812e-02 7.816428e-02 8.585605e-02 1.166116e-03 1.174970e-03 1.321811e-03 1.190864e+00 1.090329e-03 
8.349805e-02 7.803261e-02 8.563485e-02 8.828355e-04 1.031462e-03 1.206978e-03 1.144986e+00 9.865502e-04 
